 0.00000000e+00  9.00008620e-01 
 1.00000000e-07  9.00008832e-01 
 2.00000000e-07  9.00009385e-01 
 4.00000000e-07  9.00011463e-01 
 8.00000000e-07  9.00019558e-01 
 1.60000000e-06  9.00042406e-01 
 3.20000000e-06  9.00091536e-01 
 6.40000000e-06  9.00189869e-01 
 1.28000000e-05  9.00386262e-01 
 2.56000000e-05  9.00778726e-01 
 5.12000000e-05  9.01563412e-01 
 1.02400000e-04  9.03131750e-01 
 2.04800000e-04  9.06263051e-01 
 4.09600000e-04  9.12491708e-01 
 8.19200000e-04  9.24717165e-01 
 1.63840000e-03  9.47498781e-01 
 2.63840000e-03  9.70436153e-01 
 3.63840000e-03  9.86139954e-01 
 4.63840000e-03  9.93562675e-01 
 5.63840000e-03  9.92370428e-01 
 6.63840000e-03  9.82608441e-01 
 7.63840000e-03  9.64764368e-01 
 8.63840000e-03  9.40146954e-01 
 9.63840000e-03  9.11070415e-01 
 1.06384000e-02  8.80527672e-01 
 1.16384000e-02  8.51701149e-01 
 1.26384000e-02  8.27545515e-01 
 1.36384000e-02  8.10493693e-01 
 1.46384000e-02  8.02236122e-01 
 1.56384000e-02  8.03572738e-01 
 1.66384000e-02  8.14372665e-01 
 1.76384000e-02  8.33588483e-01 
 1.86384000e-02  8.59303210e-01 
 1.96384000e-02  8.88914565e-01 
 2.06384000e-02  9.19373105e-01 
 2.16384000e-02  9.47496712e-01 
 2.26384000e-02  9.70436098e-01 
 2.36384000e-02  9.86139952e-01 
 2.46384000e-02  9.93562666e-01 
 2.56384000e-02  9.92370448e-01 
 2.66384000e-02  9.82608431e-01 
 2.76384000e-02  9.64764378e-01 
 2.86384000e-02  9.40146971e-01 
 2.96384000e-02  9.11070398e-01 
 3.06384000e-02  8.80527707e-01 
 3.16384000e-02  8.51701106e-01 
 3.26384000e-02  8.27545544e-01 
 3.36384000e-02  8.10493668e-01 
 3.46384000e-02  8.02236117e-01 
 3.56384000e-02  8.03572762e-01 
 3.66384000e-02  8.14372710e-01 
 3.76384000e-02  8.33588459e-01 
 3.86384000e-02  8.59303231e-01 
 3.96384000e-02  8.88914522e-01 
 4.06384000e-02  9.19373091e-01 
 4.16384000e-02  9.47496666e-01 
 4.26384000e-02  9.70436145e-01 
 4.36384000e-02  9.86139933e-01 
 4.46384000e-02  9.93562674e-01 
 4.56384000e-02  9.92370445e-01 
 4.66384000e-02  9.82608433e-01 
 4.76384000e-02  9.64764360e-01 
 4.86384000e-02  9.40146986e-01 
 4.96384000e-02  9.11070414e-01 
 5.00000000e-02  9.00023916e-01 
 5.01000000e-02  8.96955950e-01 
 5.03000000e-02  8.90824472e-01 
 5.07000000e-02  8.78666235e-01 
 5.15000000e-02  8.55471968e-01 
 5.25000000e-02  8.30512651e-01 
 5.35000000e-02  8.12358816e-01 
 5.45000000e-02  8.02812462e-01 
 5.55000000e-02  8.02810609e-01 
 5.65000000e-02  8.12342360e-01 
 5.75000000e-02  8.30490056e-01 
 5.85000000e-02  8.55447145e-01 
 5.95000000e-02  8.84693849e-01 
 6.05000000e-02  9.15225650e-01 
 6.15000000e-02  9.43854897e-01 
 6.25000000e-02  9.67657300e-01 
 6.35000000e-02  9.84446114e-01 
 6.45000000e-02  9.93046357e-01 
 6.55000000e-02  9.93050744e-01 
 6.65000000e-02  9.84459175e-01 
 6.75000000e-02  9.67678282e-01 
 6.85000000e-02  9.43881906e-01 
 6.95000000e-02  9.15254701e-01 
 7.05000000e-02  8.84723539e-01 
 7.15000000e-02  8.55474754e-01 
 7.25000000e-02  8.30513163e-01 
 7.35000000e-02  8.12358812e-01 
 7.45000000e-02  8.02812470e-01 
 7.55000000e-02  8.02810636e-01 
 7.65000000e-02  8.12342380e-01 
 7.75000000e-02  8.30490084e-01 
 7.85000000e-02  8.55447138e-01 
 7.95000000e-02  8.84693857e-01 
 8.00000000e-02  8.99994263e-01 
 8.01000000e-02  9.03031931e-01 
 8.03000000e-02  9.09086273e-01 
 8.07000000e-02  9.21020580e-01 
 8.15000000e-02  9.43494813e-01 
 8.25000000e-02  9.67109630e-01 
 8.35000000e-02  9.83748287e-01 
 8.45000000e-02  9.92200736e-01 
 8.55000000e-02  9.92017176e-01 
 8.65000000e-02  9.83162905e-01 
 8.75000000e-02  9.66034224e-01 
 8.85000000e-02  9.41829399e-01 
 8.95000000e-02  9.12776084e-01 
 9.05000000e-02  8.81836510e-01 
 9.15000000e-02  8.52206113e-01 
 9.25000000e-02  8.26890719e-01 
 9.35000000e-02  8.08408100e-01 
 9.45000000e-02  7.98553277e-01 
 9.55000000e-02  7.98260279e-01 
 9.65000000e-02  8.07512195e-01 
 9.75000000e-02  8.25416876e-01 
 9.85000000e-02  8.50186976e-01 
 9.95000000e-02  8.79330428e-01 
 1.00000000e-01  8.94621777e-01 
 1.00100000e-01  8.97700952e-01 
 1.00300000e-01  9.03842109e-01 
 1.00700000e-01  9.15960984e-01 
 1.01500000e-01  9.38842175e-01 
 1.02500000e-01  9.62994563e-01 
 1.03500000e-01  9.80103152e-01 
 1.04500000e-01  9.88859339e-01 
 1.05500000e-01  9.88769751e-01 
 1.06500000e-01  9.79816916e-01 
 1.07500000e-01  9.62467066e-01 
 1.08500000e-01  9.38021998e-01 
 1.09500000e-01  9.08793940e-01 
 1.10500000e-01  8.77778593e-01 
 1.11500000e-01  8.48154236e-01 
 1.12500000e-01  8.22905273e-01 
 1.13500000e-01  8.04530583e-01 
 1.14500000e-01  7.94808714e-01 
 1.15500000e-01  7.94664854e-01 
 1.16500000e-01  8.04072737e-01 
 1.17500000e-01  8.22155123e-01 
 1.18500000e-01  8.47129382e-01 
 1.19500000e-01  8.76509597e-01 
 1.20000000e-01  8.91933603e-01 
 1.20100000e-01  8.95031660e-01 
 1.20300000e-01  9.01211709e-01 
 1.20700000e-01  9.13414194e-01 
 1.21500000e-01  9.36483183e-01 
 1.22500000e-01  9.60893106e-01 
 1.23500000e-01  9.78219263e-01 
 1.24500000e-01  9.87115086e-01 
 1.25500000e-01  9.87056933e-01 
 1.26500000e-01  9.78033061e-01 
 1.27500000e-01  9.60543942e-01 
 1.28500000e-01  9.35945325e-01 
 1.29500000e-01  9.06594949e-01 
 1.30500000e-01  8.75508204e-01 
 1.31500000e-01  8.45855560e-01 
 1.32500000e-01  8.20610747e-01 
 1.33500000e-01  8.02263076e-01 
 1.34500000e-01  7.92582241e-01 
 1.35500000e-01  7.92476929e-01 
 1.36500000e-01  8.01950998e-01 
 1.37500000e-01  8.20101386e-01 
 1.38500000e-01  8.45161851e-01 
 1.39500000e-01  8.74651589e-01 
 1.40500000e-01  9.05610033e-01 
 1.41500000e-01  9.34872202e-01 
 1.42500000e-01  9.59422130e-01 
 1.43500000e-01  9.76884348e-01 
 1.44500000e-01  9.85856712e-01 
 1.45500000e-01  9.85798575e-01 
 1.46500000e-01  9.76698195e-01 
 1.47500000e-01  9.59077787e-01 
 1.48500000e-01  9.34331544e-01 
 1.49500000e-01  9.04852619e-01 
 1.50000000e-01  8.89275175e-01 
 1.50100000e-01  8.86160776e-01 
 1.50300000e-01  8.79943815e-01 
 1.50700000e-01  8.67639463e-01 
 1.51500000e-01  8.44241387e-01 
 1.52500000e-01  8.19161057e-01 
 1.53500000e-01  8.00995090e-01 
 1.54500000e-01  7.91505678e-01 
 1.55500000e-01  7.91595885e-01 
 1.56500000e-01  8.01267955e-01 
 1.57500000e-01  8.19617963e-01 
 1.58500000e-01  8.44877209e-01 
 1.59500000e-01  8.74559618e-01 
 1.60500000e-01  9.05696933e-01 
 1.61500000e-01  9.35114257e-01 
 1.62500000e-01  9.59788567e-01 
 1.63500000e-01  9.77351503e-01 
 1.64500000e-01  9.86422920e-01 
 1.65500000e-01  9.86490626e-01 
 1.66500000e-01  9.77565795e-01 
 1.67500000e-01  9.60177289e-01 
 1.68500000e-01  9.35703036e-01 
 1.69500000e-01  9.06507550e-01 
 1.70500000e-01  8.75599638e-01 
 1.71500000e-01  8.46139635e-01 
 1.72500000e-01  8.21093492e-01 
 1.73500000e-01  8.02945457e-01 
 1.74500000e-01  7.93462696e-01 
 1.75500000e-01  7.93553224e-01 
 1.76500000e-01  8.03218924e-01 
 1.77500000e-01  8.21550718e-01 
 1.78500000e-01  8.46773513e-01 
 1.79500000e-01  8.76394647e-01 
 1.80000000e-01  8.91933309e-01 
 1.80100000e-01  8.95060220e-01 
 1.80300000e-01  9.01297230e-01 
 1.80700000e-01  9.13609271e-01 
 1.81500000e-01  9.36876136e-01 
 1.82500000e-01  9.61483474e-01 
 1.83500000e-01  9.78977756e-01 
 1.84500000e-01  9.88034332e-01 
 1.85500000e-01  9.88180432e-01 
 1.86500000e-01  9.79441627e-01 
 1.87500000e-01  9.62329360e-01 
 1.88500000e-01  9.38172734e-01 
 1.89500000e-01  9.09283155e-01 
 1.90500000e-01  8.78637827e-01 
 1.91500000e-01  8.49397673e-01 
 1.92500000e-01  8.24535008e-01 
 1.93500000e-01  8.06541747e-01 
 1.94500000e-01  7.97194149e-01 
 1.95500000e-01  7.97415697e-01 
 1.96500000e-01  8.07182220e-01 
 1.97500000e-01  8.25597425e-01 
 1.98500000e-01  8.50861735e-01 
 1.99500000e-01  8.80464731e-01 
 2.00500000e-01  9.11409472e-01 
 2.01500000e-01  9.40508094e-01 
 2.02500000e-01  9.64778200e-01 
 2.03500000e-01  9.81976219e-01 
 2.04500000e-01  9.90860003e-01 
 2.05500000e-01  9.91005682e-01 
 2.06500000e-01  9.82438884e-01 
 2.07500000e-01  9.65622410e-01 
 2.08500000e-01  9.41798596e-01 
 2.09500000e-01  9.13199483e-01 
 2.10500000e-01  8.82763957e-01 
 2.11500000e-01  8.53662241e-01 
 2.12500000e-01  8.28882517e-01 
 2.13500000e-01  8.10931610e-01 
 2.14500000e-01  8.01600217e-01 
 2.15500000e-01  8.01819349e-01 
 2.16500000e-01  8.11573546e-01 
 2.17500000e-01  8.29946193e-01 
 2.18500000e-01  8.55127046e-01 
 2.19500000e-01  8.84590518e-01 
 2.20000000e-01  8.99993991e-01 
 2.20100000e-01  9.03058281e-01 
 2.20300000e-01  9.09165131e-01 
 2.20700000e-01  9.21200356e-01 
 2.21500000e-01  9.43856756e-01 
 2.22500000e-01  9.67657342e-01 
 2.23500000e-01  9.84446100e-01 
 2.24500000e-01  9.93046351e-01 
 2.25500000e-01  9.93050763e-01 
 2.26500000e-01  9.84459187e-01 
 2.27500000e-01  9.67678308e-01 
 2.28500000e-01  9.43881914e-01 
 2.29500000e-01  9.15254710e-01 
 2.30500000e-01  8.84723524e-01 
 2.31500000e-01  8.55474735e-01 
 2.32500000e-01  8.30513164e-01 
 2.33500000e-01  8.12358825e-01 
 2.34500000e-01  8.02812459e-01 
 2.35500000e-01  8.02810628e-01 
 2.36500000e-01  8.12342361e-01 
 2.37500000e-01  8.30490107e-01 
 2.38500000e-01  8.55447159e-01 
 2.39500000e-01  8.84693884e-01 
 2.40500000e-01  9.15225671e-01 
 2.41500000e-01  9.43854900e-01 
 2.42500000e-01  9.67657305e-01 
 2.43500000e-01  9.84446122e-01 
 2.44500000e-01  9.93046339e-01 
 2.45500000e-01  9.93050745e-01 
 2.46500000e-01  9.84459190e-01 
 2.47500000e-01  9.67678260e-01 
 2.48500000e-01  9.43881928e-01 
 2.49500000e-01  9.15254711e-01 
 2.50500000e-01  8.84723525e-01 
 2.51500000e-01  8.55474743e-01 
 2.52500000e-01  8.30513168e-01 
 2.53500000e-01  8.12358821e-01 
 2.54500000e-01  8.02812477e-01 
 2.55500000e-01  8.02810631e-01 
 2.56500000e-01  8.12342361e-01 
 2.57500000e-01  8.30490069e-01 
 2.58500000e-01  8.55447136e-01 
 2.59500000e-01  8.84693846e-01 
 2.60500000e-01  9.15225642e-01 
 2.61500000e-01  9.43854912e-01 
 2.62500000e-01  9.67657290e-01 
 2.63500000e-01  9.84446113e-01 
 2.64500000e-01  9.93046349e-01 
 2.65500000e-01  9.93050750e-01 
 2.66500000e-01  9.84459192e-01 
 2.67500000e-01  9.67678286e-01 
 2.68500000e-01  9.43881940e-01 
 2.69500000e-01  9.15254704e-01 
 2.70500000e-01  8.84723523e-01 
 2.71500000e-01  8.55474739e-01 
 2.72500000e-01  8.30513161e-01 
 2.73500000e-01  8.12358822e-01 
 2.74500000e-01  8.02812465e-01 
 2.75500000e-01  8.02810649e-01 
 2.76500000e-01  8.12342387e-01 
 2.77500000e-01  8.30490075e-01 
 2.78500000e-01  8.55447153e-01 
 2.79500000e-01  8.84693857e-01 
 2.80000000e-01  8.99994296e-01 
 2.80100000e-01  9.03084621e-01 
 2.80300000e-01  9.09243984e-01 
 2.80700000e-01  9.21380091e-01 
 2.81500000e-01  9.44218616e-01 
 2.82500000e-01  9.68204957e-01 
 2.83500000e-01  9.85143655e-01 
 2.84500000e-01  9.93891419e-01 
 2.85500000e-01  9.94083579e-01 
 2.86500000e-01  9.85754465e-01 
 2.87500000e-01  9.69321051e-01 
 2.88500000e-01  9.45933104e-01 
 2.89500000e-01  9.17732121e-01 
 2.90000000e-01  9.02708562e-01 
 2.90100000e-01  8.99681007e-01 
 2.90300000e-01  8.93630444e-01 
 2.90700000e-01  8.81630780e-01 
 2.91500000e-01  8.58739853e-01 
 2.92500000e-01  8.34134952e-01 
 2.93500000e-01  8.16310039e-01 
 2.94500000e-01  8.07073401e-01 
 2.95500000e-01  8.07362383e-01 
 2.96500000e-01  8.17173355e-01 
 2.97500000e-01  8.35562994e-01 
 2.98500000e-01  8.60705715e-01 
 2.99500000e-01  8.90048691e-01 
 3.00000000e-01  9.05362348e-01 
 3.00100000e-01  9.07976420e-01 
 3.00300000e-01  9.13183100e-01 
 3.00700000e-01  9.23469930e-01 
 3.01500000e-01  9.42895510e-01 
 3.02500000e-01  9.63273968e-01 
 3.03500000e-01  9.77255943e-01 
 3.04500000e-01  9.83246373e-01 
 3.05500000e-01  9.80222115e-01 
 3.06500000e-01  9.67632706e-01 
 3.07500000e-01  9.45662674e-01 
 3.08500000e-01  9.15756668e-01 
 3.09500000e-01  8.80723737e-01 
 3.10000000e-01  8.62347973e-01 
 3.10100000e-01  8.58657226e-01 
 3.10300000e-01  8.51289554e-01 
 3.10700000e-01  8.36701629e-01 
 3.11500000e-01  8.08834271e-01 
 3.12500000e-01  7.78405339e-01 
 3.13500000e-01  7.55189006e-01 
 3.14500000e-01  7.40879828e-01 
 3.15500000e-01  7.36244036e-01 
 3.16500000e-01  7.41278538e-01 
 3.17500000e-01  7.55317299e-01 
 3.18500000e-01  7.76978934e-01 
 3.19500000e-01  8.04197431e-01 
 3.20000000e-01  8.19122160e-01 
 3.20100000e-01  8.23016676e-01 
 3.20300000e-01  8.30840084e-01 
 3.20700000e-01  8.46444550e-01 
 3.21500000e-01  8.76658439e-01 
 3.22500000e-01  9.09998819e-01 
 3.23500000e-01  9.35156731e-01 
 3.24500000e-01  9.49625944e-01 
 3.25500000e-01  9.52712368e-01 
 3.26500000e-01  9.44957528e-01 
 3.27500000e-01  9.27906018e-01 
 3.28500000e-01  9.04037255e-01 
 3.29500000e-01  8.76512340e-01 
 3.30000000e-01  8.62335810e-01 
 3.30100000e-01  8.59566087e-01 
 3.30300000e-01  8.54066278e-01 
 3.30700000e-01  8.43301648e-01 
 3.31500000e-01  8.23326984e-01 
 3.32500000e-01  8.02976572e-01 
 3.33500000e-01  7.89828064e-01 
 3.34500000e-01  7.85483132e-01 
 3.35500000e-01  7.90756964e-01 
 3.36500000e-01  8.05602276e-01 
 3.37500000e-01  8.29033723e-01 
 3.38500000e-01  8.59136436e-01 
 3.39500000e-01  8.93201394e-01 
 3.40000000e-01  9.10720031e-01 
 3.40100000e-01  9.13679514e-01 
 3.40300000e-01  9.19559630e-01 
 3.40700000e-01  9.31122674e-01 
 3.41500000e-01  9.52779300e-01 
 3.42500000e-01  9.75315848e-01 
 3.43500000e-01  9.91014049e-01 
 3.44500000e-01  9.98859958e-01 
 3.45500000e-01  9.98489755e-01 
 3.46500000e-01  9.89834323e-01 
 3.47500000e-01  9.73150874e-01 
 3.48500000e-01  9.49430600e-01 
 3.49500000e-01  9.20724868e-01 
 3.50000000e-01  9.05393120e-01 
 3.50100000e-01  9.02298612e-01 
 3.50300000e-01  8.96110071e-01 
 3.50700000e-01  8.83820314e-01 
 3.51500000e-01  8.60303949e-01 
 3.52500000e-01  8.34860792e-01 
 3.53500000e-01  8.16165010e-01 
 3.54500000e-01  8.06046599e-01 
 3.55500000e-01  8.05454400e-01 
 3.56500000e-01  8.14392770e-01 
 3.57500000e-01  8.31940421e-01 
 3.58500000e-01  8.56300777e-01 
 3.59500000e-01  8.84969508e-01 
 3.60000000e-01  8.99994996e-01 
 3.60100000e-01  9.03058292e-01 
 3.60300000e-01  9.09165109e-01 
 3.60700000e-01  9.21200349e-01 
 3.61500000e-01  9.43856754e-01 
 3.62500000e-01  9.67657356e-01 
 3.63500000e-01  9.84446122e-01 
 3.64500000e-01  9.93046357e-01 
 3.65500000e-01  9.93050755e-01 
 3.66500000e-01  9.84459205e-01 
 3.67500000e-01  9.67678272e-01 
 3.68500000e-01  9.43881940e-01 
 3.69500000e-01  9.15254729e-01 
 3.70500000e-01  8.84723547e-01 
 3.71500000e-01  8.55474730e-01 
 3.72500000e-01  8.30513188e-01 
 3.73500000e-01  8.12358818e-01 
 3.74500000e-01  8.02812481e-01 
 3.75500000e-01  8.02810622e-01 
 3.76500000e-01  8.12342381e-01 
 3.77500000e-01  8.30490069e-01 
 3.78500000e-01  8.55447154e-01 
 3.79500000e-01  8.84693885e-01 
 3.80500000e-01  9.15225647e-01 
 3.81500000e-01  9.43854903e-01 
 3.82500000e-01  9.67657291e-01 
 3.83500000e-01  9.84446123e-01 
 3.84500000e-01  9.93046353e-01 
 3.85500000e-01  9.93050772e-01 
 3.86500000e-01  9.84459182e-01 
 3.87500000e-01  9.67678291e-01 
 3.88500000e-01  9.43881919e-01 
 3.89500000e-01  9.15254705e-01 
 3.90500000e-01  8.84723532e-01 
 3.91500000e-01  8.55474728e-01 
 3.92500000e-01  8.30513179e-01 
 3.93500000e-01  8.12358819e-01 
 3.94500000e-01  8.02812470e-01 
 3.95500000e-01  8.02810653e-01 
 3.96500000e-01  8.12342392e-01 
 3.97500000e-01  8.30490094e-01 
 3.98500000e-01  8.55447148e-01 
 3.99500000e-01  8.84693882e-01 
 4.00000000e-01  8.99994302e-01 
 4.00100000e-01  9.03058284e-01 
 4.00300000e-01  9.09165140e-01 
 4.00700000e-01  9.21200343e-01 
 4.01500000e-01  9.43856755e-01 
 4.02500000e-01  9.67657342e-01 
 4.03500000e-01  9.84446102e-01 
 4.04500000e-01  9.93046333e-01 
 4.05500000e-01  9.93050756e-01 
 4.06500000e-01  9.84459202e-01 
 4.07500000e-01  9.67678283e-01 
 4.08500000e-01  9.43881914e-01 
 4.09500000e-01  9.15254706e-01 
 4.10500000e-01  8.84723511e-01 
 4.11500000e-01  8.55474726e-01 
 4.12500000e-01  8.30513153e-01 
 4.13500000e-01  8.12358811e-01 
 4.14500000e-01  8.02812468e-01 
 4.15500000e-01  8.02810611e-01 
 4.16500000e-01  8.12342402e-01 
 4.17500000e-01  8.30490085e-01 
 4.18500000e-01  8.55447145e-01 
 4.19500000e-01  8.84693879e-01 
 4.20500000e-01  9.15225615e-01 
 4.21500000e-01  9.43854923e-01 
 4.22500000e-01  9.67657319e-01 
 4.23500000e-01  9.84446125e-01 
 4.24500000e-01  9.93046338e-01 
 4.25500000e-01  9.93050739e-01 
 4.26500000e-01  9.84459206e-01 
 4.27500000e-01  9.67678272e-01 
 4.28500000e-01  9.43881919e-01 
 4.29500000e-01  9.15254710e-01 
 4.30500000e-01  8.84723542e-01 
 4.31500000e-01  8.55474733e-01 
 4.32500000e-01  8.30513178e-01 
 4.33500000e-01  8.12358804e-01 
 4.34500000e-01  8.02812462e-01 
 4.35500000e-01  8.02810620e-01 
 4.36500000e-01  8.12342384e-01 
 4.37500000e-01  8.30490064e-01 
 4.38500000e-01  8.55447144e-01 
 4.39500000e-01  8.84693865e-01 
 4.40500000e-01  9.15225616e-01 
 4.41500000e-01  9.43854911e-01 
 4.42500000e-01  9.67657288e-01 
 4.43500000e-01  9.84446107e-01 
 4.44500000e-01  9.93046311e-01 
 4.45500000e-01  9.93050746e-01 
 4.46500000e-01  9.84459183e-01 
 4.47500000e-01  9.67678276e-01 
 4.48500000e-01  9.43881951e-01 
 4.49500000e-01  9.15254715e-01 
 4.50500000e-01  8.84723523e-01 
 4.51500000e-01  8.55474748e-01 
 4.52500000e-01  8.30513178e-01 
 4.53500000e-01  8.12358833e-01 
 4.54500000e-01  8.02812476e-01 
 4.55500000e-01  8.02810602e-01 
 4.56500000e-01  8.12342358e-01 
 4.57500000e-01  8.30490101e-01 
 4.58500000e-01  8.55447128e-01 
 4.59500000e-01  8.84693868e-01 
 4.60500000e-01  9.15225648e-01 
 4.61500000e-01  9.43854888e-01 
 4.62500000e-01  9.67657305e-01 
 4.63500000e-01  9.84446123e-01 
 4.64500000e-01  9.93046328e-01 
 4.65500000e-01  9.93050749e-01 
 4.66500000e-01  9.84459185e-01 
 4.67500000e-01  9.67678298e-01 
 4.68500000e-01  9.43881893e-01 
 4.69500000e-01  9.15254698e-01 
 4.70500000e-01  8.84723533e-01 
 4.71500000e-01  8.55474739e-01 
 4.72500000e-01  8.30513172e-01 
 4.73500000e-01  8.12358818e-01 
 4.74500000e-01  8.02812468e-01 
 4.75500000e-01  8.02810620e-01 
 4.76500000e-01  8.12342399e-01 
 4.77500000e-01  8.30490085e-01 
 4.78500000e-01  8.55447169e-01 
 4.79500000e-01  8.84693850e-01 
 4.80000000e-01  8.99994301e-01 
 4.80100000e-01  9.03045076e-01 
 4.80300000e-01  9.09125686e-01 
 4.80700000e-01  9.21110450e-01 
 4.81500000e-01  9.43675823e-01 
 4.82500000e-01  9.67383503e-01 
 4.83500000e-01  9.84097226e-01 
 4.84500000e-01  9.92623578e-01 
 4.85500000e-01  9.92534051e-01 
 4.86500000e-01  9.83811143e-01 
 4.87500000e-01  9.66856415e-01 
 4.88500000e-01  9.42855823e-01 
 4.89500000e-01  9.14015552e-01 
 4.90500000e-01  8.83280156e-01 
 4.91500000e-01  8.53840499e-01 
 4.92500000e-01  8.28701922e-01 
 4.93500000e-01  8.10383386e-01 
 4.94500000e-01  8.00682743e-01 
 4.95500000e-01  8.00535243e-01 
 4.96500000e-01  8.09927206e-01 
 4.97500000e-01  8.27953497e-01 
 4.98500000e-01  8.52817247e-01 
 4.99500000e-01  8.82012524e-01 
 5.00500000e-01  9.12551656e-01 
 5.01500000e-01  9.41263812e-01 
 5.02500000e-01  9.65190057e-01 
 5.03500000e-01  9.82101360e-01 
 5.04500000e-01  9.90742686e-01 
 5.05500000e-01  9.90653145e-01 
 5.06500000e-01  9.81815225e-01 
 5.07500000e-01  9.64662799e-01 
 5.08500000e-01  9.40439764e-01 
 5.09500000e-01  9.11405419e-01 
 5.10500000e-01  8.80529780e-01 
 5.11500000e-01  8.50997595e-01 
 5.12500000e-01  8.25803643e-01 
 5.13500000e-01  8.07456777e-01 
 5.14500000e-01  7.97745386e-01 
 5.15500000e-01  7.97599635e-01 
 5.16500000e-01  8.06999736e-01 
 5.17500000e-01  8.25054336e-01 
 5.18500000e-01  8.49973517e-01 
 5.19500000e-01  8.79261475e-01 
 5.20000000e-01  8.94621568e-01 
 5.20100000e-01  8.97694369e-01 
 5.20300000e-01  9.03822357e-01 
 5.20700000e-01  9.15915982e-01 
 5.21500000e-01  9.38751556e-01 
 5.22500000e-01  9.62857349e-01 
 5.23500000e-01  9.79928255e-01 
 5.24500000e-01  9.88647384e-01 
 5.25500000e-01  9.88510699e-01 
 5.26500000e-01  9.79491993e-01 
 5.27500000e-01  9.62055213e-01 
 5.28500000e-01  9.37508090e-01 
 5.29500000e-01  9.08173626e-01 
 5.30500000e-01  8.77056384e-01 
 5.31500000e-01  8.47336837e-01 
 5.32500000e-01  8.21999697e-01 
 5.33500000e-01  8.03543208e-01 
 5.34500000e-01  7.93744542e-01 
 5.35500000e-01  7.93516996e-01 
 5.36500000e-01  8.02865723e-01 
 5.37500000e-01  8.20886731e-01 
 5.38500000e-01  8.45813941e-01 
 5.39500000e-01  8.75167853e-01 
 5.40500000e-01  9.05991142e-01 
 5.41500000e-01  9.35124563e-01 
 5.42500000e-01  9.59559764e-01 
 5.43500000e-01  9.76926156e-01 
 5.44500000e-01  9.85817449e-01 
 5.45500000e-01  9.85680642e-01 
 5.46500000e-01  9.76489626e-01 
 5.47500000e-01  9.58757010e-01 
 5.48500000e-01  9.33877672e-01 
 5.49500000e-01  9.04253742e-01 
 5.50500000e-01  8.72927840e-01 
 5.51500000e-01  8.43071086e-01 
 5.52500000e-01  8.17652416e-01 
 5.53500000e-01  7.99155276e-01 
 5.54500000e-01  7.89341739e-01 
 5.55500000e-01  7.89113622e-01 
 5.56500000e-01  7.98476536e-01 
 5.57500000e-01  8.16538192e-01 
 5.58500000e-01  8.41546841e-01 
 5.59500000e-01  8.71038113e-01 
 5.60000000e-01  8.86554865e-01 
 5.60100000e-01  8.89683483e-01 
 5.60300000e-01  8.95927879e-01 
 5.60700000e-01  9.08271797e-01 
 5.61500000e-01  9.31669674e-01 
 5.62500000e-01  9.56533688e-01 
 5.63500000e-01  9.74269982e-01 
 5.64500000e-01  9.83407738e-01 
 5.65500000e-01  9.83365436e-01 
 5.66500000e-01  9.74134029e-01 
 5.67500000e-01  9.56280219e-01 
 5.68500000e-01  9.31273383e-01 
 5.69500000e-01  9.01573449e-01 
 5.70500000e-01  8.70243260e-01 
 5.71500000e-01  8.40439994e-01 
 5.72500000e-01  8.15116421e-01 
 5.73500000e-01  7.96742276e-01 
 5.74500000e-01  7.87067619e-01 
 5.75500000e-01  7.86986013e-01 
 5.76500000e-01  7.96501683e-01 
 5.77500000e-01  8.14726230e-01 
 5.78500000e-01  8.39910837e-01 
 5.79500000e-01  8.69592220e-01 
 5.80500000e-01  9.00828688e-01 
 5.81500000e-01  9.30459884e-01 
 5.82500000e-01  9.55431075e-01 
 5.83500000e-01  9.73266706e-01 
 5.84500000e-01  9.82461809e-01 
 5.85500000e-01  9.82419500e-01 
 5.86500000e-01  9.73130805e-01 
 5.87500000e-01  9.55178621e-01 
 5.88500000e-01  9.30061574e-01 
 5.89500000e-01  9.00265634e-01 
 5.90500000e-01  8.68866398e-01 
 5.91500000e-01  8.39017778e-01 
 5.92500000e-01  8.13667539e-01 
 5.93500000e-01  7.95280271e-01 
 5.94500000e-01  7.85600994e-01 
 5.95500000e-01  7.85519111e-01 
 5.96500000e-01  7.95039270e-01 
 5.97500000e-01  8.13276860e-01 
 5.98500000e-01  8.38488265e-01 
 5.99500000e-01  8.68215129e-01 
 6.00000000e-01  8.83863918e-01 
 6.00100000e-01  8.87020071e-01 
 6.00300000e-01  8.93320654e-01 
 6.00700000e-01  9.05781411e-01 
 6.01500000e-01  9.29427071e-01 
 6.02500000e-01  9.54603749e-01 
 6.03500000e-01  9.72614106e-01 
 6.04500000e-01  9.81941132e-01 
 6.05500000e-01  9.81993543e-01 
 6.06500000e-01  9.72779391e-01 
 6.07500000e-01  9.54903025e-01 
 6.08500000e-01  9.29879590e-01 
 6.09500000e-01  9.00200077e-01 
 6.10500000e-01  8.68935022e-01 
 6.11500000e-01  8.39230933e-01 
 6.12500000e-01  8.14029503e-01 
 6.13500000e-01  7.95791720e-01 
 6.14500000e-01  7.86260713e-01 
 6.15500000e-01  7.86325651e-01 
 6.16500000e-01  7.95989626e-01 
 6.17500000e-01  8.14363674e-01 
 6.18500000e-01  8.39697244e-01 
 6.19500000e-01  8.69523211e-01 
 6.20500000e-01  9.00893930e-01 
 6.21500000e-01  9.30641615e-01 
 6.22500000e-01  9.55706783e-01 
 6.23500000e-01  9.73617749e-01 
 6.24500000e-01  9.82887420e-01 
 6.25500000e-01  9.82939690e-01 
 6.26500000e-01  9.73782807e-01 
 6.27500000e-01  9.56004692e-01 
 6.28500000e-01  9.31091428e-01 
 6.29500000e-01  9.01507856e-01 
 6.30500000e-01  8.70311854e-01 
 6.31500000e-01  8.40653090e-01 
 6.32500000e-01  8.15478473e-01 
 6.33500000e-01  7.97253815e-01 
 6.34500000e-01  7.87727528e-01 
 6.35500000e-01  7.87792693e-01 
 6.36500000e-01  7.97452212e-01 
 6.37500000e-01  8.15813119e-01 
 6.38500000e-01  8.41119756e-01 
 6.39500000e-01  8.70900098e-01 
 6.40000000e-01  8.86554495e-01 
 6.40100000e-01  8.89709876e-01 
 6.40300000e-01  8.96006867e-01 
 6.40700000e-01  9.08452022e-01 
 6.41500000e-01  9.32032874e-01 
 6.42500000e-01  9.57084674e-01 
 6.43500000e-01  9.74971665e-01 
 6.44500000e-01  9.84258351e-01 
 6.45500000e-01  9.84405060e-01 
 6.46500000e-01  9.75437180e-01 
 6.47500000e-01  9.57931292e-01 
 6.48500000e-01  9.33332239e-01 
 6.49500000e-01  9.04057060e-01 
 6.50500000e-01  8.73133656e-01 
 6.51500000e-01  8.43710356e-01 
 6.52500000e-01  8.18738493e-01 
 6.53500000e-01  8.00690195e-01 
 6.54500000e-01  7.91322062e-01 
 6.55500000e-01  7.91534601e-01 
 6.56500000e-01  8.01328717e-01 
 6.57500000e-01  8.19799005e-01 
 6.58500000e-01  8.45173378e-01 
 6.59500000e-01  8.74960909e-01 
 6.60500000e-01  9.06186676e-01 
 6.61500000e-01  9.35669048e-01 
 6.62500000e-01  9.60384123e-01 
 6.63500000e-01  9.77977115e-01 
 6.64500000e-01  9.87091215e-01 
 6.65500000e-01  9.87237479e-01 
 6.66500000e-01  9.78441365e-01 
 6.67500000e-01  9.61230642e-01 
 6.68500000e-01  9.36963268e-01 
 6.69500000e-01  9.07977038e-01 
 6.70500000e-01  8.77262106e-01 
 6.71500000e-01  8.47975944e-01 
 6.72500000e-01  8.23085864e-01 
 6.73500000e-01  8.05078640e-01 
 6.74500000e-01  7.95725811e-01 
 6.75500000e-01  7.95948214e-01 
 6.76500000e-01  8.05718649e-01 
 6.77500000e-01  8.24147816e-01 
 6.78500000e-01  8.49439784e-01 
 6.79500000e-01  8.79089120e-01 
 6.80000000e-01  8.94621127e-01 
 6.80100000e-01  8.97721682e-01 
 6.80300000e-01  9.03904119e-01 
 6.80700000e-01  9.16102365e-01 
 6.81500000e-01  9.39126963e-01 
 6.82500000e-01  9.63425737e-01 
 6.83500000e-01  9.80652679e-01 
 6.84500000e-01  9.89525305e-01 
 6.85500000e-01  9.89583719e-01 
 6.86500000e-01  9.80837568e-01 
 6.87500000e-01  9.63761033e-01 
 6.88500000e-01  9.39636684e-01 
 6.89500000e-01  9.10742991e-01 
 6.90500000e-01  8.80048033e-01 
 6.91500000e-01  8.50723041e-01 
 6.92500000e-01  8.25751490e-01 
 6.93500000e-01  8.07634085e-01 
 6.94500000e-01  7.98154087e-01 
 6.95500000e-01  7.98238861e-01 
 6.96500000e-01  8.07867198e-01 
 6.97500000e-01  8.26141176e-01 
 6.98500000e-01  8.51263096e-01 
 6.99500000e-01  8.80725301e-01 
 7.00500000e-01  9.11535456e-01 
 7.01500000e-01  9.40512515e-01 
 7.02500000e-01  9.64680328e-01 
 7.03500000e-01  9.81794415e-01 
 7.04500000e-01  9.90601295e-01 
 7.05500000e-01  9.90659650e-01 
 7.06500000e-01  9.81979074e-01 
 7.07500000e-01  9.65015297e-01 
 7.08500000e-01  9.41017818e-01 
 7.09500000e-01  9.12234811e-01 
 7.10500000e-01  8.81619805e-01 
 7.11500000e-01  8.52347626e-01 
 7.12500000e-01  8.27407728e-01 
 7.13500000e-01  8.09306361e-01 
 7.14500000e-01  7.99832581e-01 
 7.15500000e-01  7.99916317e-01 
 7.16500000e-01  8.09540019e-01 
 7.17500000e-01  8.27797867e-01 
 7.18500000e-01  8.52888093e-01 
 7.19500000e-01  8.82297193e-01 
 7.20500000e-01  9.13026737e-01 
 7.21500000e-01  9.41893772e-01 
 7.22500000e-01  9.65934256e-01 
 7.23500000e-01  9.82935423e-01 
 7.24500000e-01  9.91676521e-01 
 7.25500000e-01  9.91734765e-01 
 7.26500000e-01  9.83119785e-01 
 7.27500000e-01  9.66268788e-01 
 7.28500000e-01  9.42398348e-01 
 7.29500000e-01  9.13726301e-01 
 7.30500000e-01  8.83191368e-01 
 7.31500000e-01  8.53972124e-01 
 7.32500000e-01  8.29063914e-01 
 7.33500000e-01  8.10978882e-01 
 7.34500000e-01  8.01511191e-01 
 7.35500000e-01  8.01594073e-01 
 7.36500000e-01  8.11212949e-01 
 7.37500000e-01  8.29454533e-01 
 7.38500000e-01  8.54512838e-01 
 7.39500000e-01  8.83868772e-01 
 7.40500000e-01  9.14517599e-01 
 7.41500000e-01  9.43268402e-01 
 7.42500000e-01  9.67187420e-01 
 7.43500000e-01  9.84075633e-01 
 7.44500000e-01  9.92750959e-01 
 7.45500000e-01  9.92809075e-01 
 7.46500000e-01  9.84259694e-01 
 7.47500000e-01  9.67521651e-01 
 7.48500000e-01  9.43778387e-01 
 7.49500000e-01  9.15217298e-01 
 7.50000000e-01  9.00024178e-01 
 7.50100000e-01  8.96955925e-01 
 7.50300000e-01  8.90824450e-01 
 7.50700000e-01  8.78666234e-01 
 7.51500000e-01  8.55471946e-01 
 7.52500000e-01  8.30512674e-01 
 7.53500000e-01  8.12358805e-01 
 7.54500000e-01  8.02812455e-01 
 7.55500000e-01  8.02810620e-01 
 7.56500000e-01  8.12342381e-01 
 7.57500000e-01  8.30490094e-01 
 7.58500000e-01  8.55447161e-01 
 7.59500000e-01  8.84693850e-01 
 7.60500000e-01  9.15225645e-01 
 7.61500000e-01  9.43854921e-01 
 7.62500000e-01  9.67657281e-01 
 7.63500000e-01  9.84446122e-01 
 7.64500000e-01  9.93046350e-01 
 7.65500000e-01  9.93050766e-01 
 7.66500000e-01  9.84459182e-01 
 7.67500000e-01  9.67678289e-01 
 7.68500000e-01  9.43881934e-01 
 7.69500000e-01  9.15254700e-01 
 7.70500000e-01  8.84723537e-01 
 7.71500000e-01  8.55474741e-01 
 7.72500000e-01  8.30513196e-01 
 7.73500000e-01  8.12358814e-01 
 7.74500000e-01  8.02812472e-01 
 7.75500000e-01  8.02810633e-01 
 7.76500000e-01  8.12342357e-01 
 7.77500000e-01  8.30490036e-01 
 7.78500000e-01  8.55447154e-01 
 7.79500000e-01  8.84693870e-01 
 7.80500000e-01  9.15225629e-01 
 7.81500000e-01  9.43854915e-01 
 7.82500000e-01  9.67657293e-01 
 7.83500000e-01  9.84446124e-01 
 7.84500000e-01  9.93046330e-01 
 7.85500000e-01  9.93050764e-01 
 7.86500000e-01  9.84459196e-01 
 7.87500000e-01  9.67678292e-01 
 7.88500000e-01  9.43881925e-01 
 7.89500000e-01  9.15254688e-01 
 7.90500000e-01  8.84723520e-01 
 7.91500000e-01  8.55474745e-01 
 7.92500000e-01  8.30513189e-01 
 7.93500000e-01  8.12358814e-01 
 7.94500000e-01  8.02812466e-01 
 7.95500000e-01  8.02810611e-01 
 7.96500000e-01  8.12342383e-01 
 7.97500000e-01  8.30490052e-01 
 7.98500000e-01  8.55447175e-01 
 7.99500000e-01  8.84693858e-01 
 8.00500000e-01  9.15225639e-01 
 8.01500000e-01  9.43854910e-01 
 8.02500000e-01  9.67657298e-01 
 8.03500000e-01  9.84446109e-01 
 8.04500000e-01  9.93046332e-01 
 8.05500000e-01  9.93050762e-01 
 8.06500000e-01  9.84459213e-01 
 8.07500000e-01  9.67678311e-01 
 8.08500000e-01  9.43881920e-01 
 8.09500000e-01  9.15254713e-01 
 8.10500000e-01  8.84723529e-01 
 8.11500000e-01  8.55474760e-01 
 8.12500000e-01  8.30513198e-01 
 8.13500000e-01  8.12358837e-01 
 8.14500000e-01  8.02812465e-01 
 8.15500000e-01  8.02810631e-01 
 8.16500000e-01  8.12342378e-01 
 8.17500000e-01  8.30490052e-01 
 8.18500000e-01  8.55447157e-01 
 8.19500000e-01  8.84693863e-01 
 8.20500000e-01  9.15225640e-01 
 8.21500000e-01  9.43854925e-01 
 8.22500000e-01  9.67657292e-01 
 8.23500000e-01  9.84446129e-01 
 8.24500000e-01  9.93046336e-01 
 8.25500000e-01  9.93050750e-01 
 8.26500000e-01  9.84459163e-01 
 8.27500000e-01  9.67678275e-01 
 8.28500000e-01  9.43881931e-01 
 8.29500000e-01  9.15254720e-01 
 8.30500000e-01  8.84723525e-01 
 8.31500000e-01  8.55474757e-01 
 8.32500000e-01  8.30513163e-01 
 8.33500000e-01  8.12358831e-01 
 8.34500000e-01  8.02812467e-01 
 8.35500000e-01  8.02810608e-01 
 8.36500000e-01  8.12342382e-01 
 8.37500000e-01  8.30490032e-01 
 8.38500000e-01  8.55447140e-01 
 8.39500000e-01  8.84693886e-01 
 8.40500000e-01  9.15225625e-01 
 8.41500000e-01  9.43854897e-01 
 8.42500000e-01  9.67657285e-01 
 8.43500000e-01  9.84446120e-01 
 8.44500000e-01  9.93046348e-01 
 8.45500000e-01  9.93050745e-01 
 8.46500000e-01  9.84459204e-01 
 8.47500000e-01  9.67678268e-01 
 8.48500000e-01  9.43881908e-01 
 8.49500000e-01  9.15254684e-01 
 8.50500000e-01  8.84723528e-01 
 8.51500000e-01  8.55474731e-01 
 8.52500000e-01  8.30513169e-01 
 8.53500000e-01  8.12358805e-01 
 8.54500000e-01  8.02812477e-01 
 8.55500000e-01  8.02810624e-01 
 8.56500000e-01  8.12342384e-01 
 8.57500000e-01  8.30490072e-01 
 8.58500000e-01  8.55447146e-01 
 8.59500000e-01  8.84693863e-01 
 8.60500000e-01  9.15225637e-01 
 8.61500000e-01  9.43854914e-01 
 8.62500000e-01  9.67657295e-01 
 8.63500000e-01  9.84446095e-01 
 8.64500000e-01  9.93046331e-01 
 8.65500000e-01  9.93050738e-01 
 8.66500000e-01  9.84459196e-01 
 8.67500000e-01  9.67678258e-01 
 8.68500000e-01  9.43881908e-01 
 8.69500000e-01  9.15254710e-01 
 8.70500000e-01  8.84723505e-01 
 8.71500000e-01  8.55474726e-01 
 8.72500000e-01  8.30513175e-01 
 8.73500000e-01  8.12358838e-01 
 8.74500000e-01  8.02812475e-01 
 8.75500000e-01  8.02810613e-01 
 8.76500000e-01  8.12342385e-01 
 8.77500000e-01  8.30490064e-01 
 8.78500000e-01  8.55447155e-01 
 8.79500000e-01  8.84693880e-01 
 8.80500000e-01  9.15225637e-01 
 8.81500000e-01  9.43854896e-01 
 8.82500000e-01  9.67657298e-01 
 8.83500000e-01  9.84446103e-01 
 8.84500000e-01  9.93046326e-01 
 8.85500000e-01  9.93050737e-01 
 8.86500000e-01  9.84459196e-01 
 8.87500000e-01  9.67678298e-01 
 8.88500000e-01  9.43881932e-01 
 8.89500000e-01  9.15254712e-01 
 8.90500000e-01  8.84723546e-01 
 8.91500000e-01  8.55474712e-01 
 8.92500000e-01  8.30513165e-01 
 8.93500000e-01  8.12358800e-01 
 8.94500000e-01  8.02812475e-01 
 8.95500000e-01  8.02810643e-01 
 8.96500000e-01  8.12342414e-01 
 8.97500000e-01  8.30490063e-01 
 8.98500000e-01  8.55447136e-01 
 8.99500000e-01  8.84693868e-01 
 9.00500000e-01  9.15225653e-01 
 9.01500000e-01  9.43854904e-01 
 9.02500000e-01  9.67657291e-01 
 9.03500000e-01  9.84446099e-01 
 9.04500000e-01  9.93046347e-01 
 9.05500000e-01  9.93050746e-01 
 9.06500000e-01  9.84459197e-01 
 9.07500000e-01  9.67678284e-01 
 9.08500000e-01  9.43881912e-01 
 9.09500000e-01  9.15254698e-01 
 9.10500000e-01  8.84723538e-01 
 9.11500000e-01  8.55474744e-01 
 9.12500000e-01  8.30513172e-01 
 9.13500000e-01  8.12358825e-01 
 9.14500000e-01  8.02812469e-01 
 9.15500000e-01  8.02810633e-01 
 9.16500000e-01  8.12342395e-01 
 9.17500000e-01  8.30490076e-01 
 9.18500000e-01  8.55447144e-01 
 9.19500000e-01  8.84693899e-01 
 9.20500000e-01  9.15225647e-01 
 9.21500000e-01  9.43854899e-01 
 9.22500000e-01  9.67657288e-01 
 9.23500000e-01  9.84446122e-01 
 9.24500000e-01  9.93046348e-01 
 9.25500000e-01  9.93050744e-01 
 9.26500000e-01  9.84459208e-01 
 9.27500000e-01  9.67678276e-01 
 9.28500000e-01  9.43881924e-01 
 9.29500000e-01  9.15254695e-01 
 9.30500000e-01  8.84723526e-01 
 9.31500000e-01  8.55474744e-01 
 9.32500000e-01  8.30513161e-01 
 9.33500000e-01  8.12358817e-01 
 9.34500000e-01  8.02812461e-01 
 9.35500000e-01  8.02810645e-01 
 9.36500000e-01  8.12342369e-01 
 9.37500000e-01  8.30490069e-01 
 9.38500000e-01  8.55447148e-01 
 9.39500000e-01  8.84693889e-01 
 9.40500000e-01  9.15225669e-01 
 9.41500000e-01  9.43854908e-01 
 9.42500000e-01  9.67657286e-01 
 9.43500000e-01  9.84446112e-01 
 9.44500000e-01  9.93046333e-01 
 9.45500000e-01  9.93050748e-01 
 9.46500000e-01  9.84459179e-01 
 9.47500000e-01  9.67678285e-01 
 9.48500000e-01  9.43881936e-01 
 9.49500000e-01  9.15254711e-01 
 9.50500000e-01  8.84723516e-01 
 9.51500000e-01  8.55474766e-01 
 9.52500000e-01  8.30513166e-01 
 9.53500000e-01  8.12358824e-01 
 9.54500000e-01  8.02812462e-01 
 9.55500000e-01  8.02810617e-01 
 9.56500000e-01  8.12342374e-01 
 9.57500000e-01  8.30490074e-01 
 9.58500000e-01  8.55447135e-01 
 9.59500000e-01  8.84693848e-01 
 9.60500000e-01  9.15225643e-01 
 9.61500000e-01  9.43854903e-01 
 9.62500000e-01  9.67657284e-01 
 9.63500000e-01  9.84446120e-01 
 9.64500000e-01  9.93046344e-01 
 9.65500000e-01  9.93050745e-01 
 9.66500000e-01  9.84459162e-01 
 9.67500000e-01  9.67678298e-01 
 9.68500000e-01  9.43881920e-01 
 9.69500000e-01  9.15254701e-01 
 9.70500000e-01  8.84723512e-01 
 9.71500000e-01  8.55474720e-01 
 9.72500000e-01  8.30513184e-01 
 9.73500000e-01  8.12358813e-01 
 9.74500000e-01  8.02812457e-01 
 9.75500000e-01  8.02810623e-01 
 9.76500000e-01  8.12342388e-01 
 9.77500000e-01  8.30490061e-01 
 9.78500000e-01  8.55447142e-01 
 9.79500000e-01  8.84693874e-01 
 9.80500000e-01  9.15225642e-01 
 9.81500000e-01  9.43854894e-01 
 9.82500000e-01  9.67657295e-01 
 9.83500000e-01  9.84446105e-01 
 9.84500000e-01  9.93046365e-01 
 9.85500000e-01  9.93050754e-01 
 9.86500000e-01  9.84459167e-01 
 9.87500000e-01  9.67678295e-01 
 9.88500000e-01  9.43881937e-01 
 9.89500000e-01  9.15254720e-01 
 9.90500000e-01  8.84723539e-01 
 9.91500000e-01  8.55474728e-01 
 9.92500000e-01  8.30513174e-01 
 9.93500000e-01  8.12358814e-01 
 9.94500000e-01  8.02812450e-01 
 9.95500000e-01  8.02810632e-01 
 9.96500000e-01  8.12342395e-01 
 9.97500000e-01  8.30490058e-01 
 9.98500000e-01  8.55447133e-01 
 9.99500000e-01  8.84693864e-01 
 1.00000000e+00  8.99994276e-01 
 1.00010000e+00  9.03058301e-01 
 1.00030000e+00  9.09165105e-01 
 1.00070000e+00  9.21200357e-01 
 1.00150000e+00  9.43856706e-01 
 1.00250000e+00  9.67657311e-01 
 1.00350000e+00  9.84446096e-01 
 1.00450000e+00  9.93046324e-01 
 1.00550000e+00  9.93050754e-01 
 1.00650000e+00  9.84459183e-01 
 1.00750000e+00  9.67678262e-01 
 1.00850000e+00  9.43881926e-01 
 1.00950000e+00  9.15254695e-01 
 1.01050000e+00  8.84723535e-01 
 1.01150000e+00  8.55474732e-01 
 1.01250000e+00  8.30513197e-01 
 1.01350000e+00  8.12358822e-01 
 1.01450000e+00  8.02812499e-01 
 1.01550000e+00  8.02810635e-01 
 1.01650000e+00  8.12342385e-01 
 1.01750000e+00  8.30490085e-01 
 1.01850000e+00  8.55447135e-01 
 1.01950000e+00  8.84693862e-01 
 1.02050000e+00  9.15225635e-01 
 1.02150000e+00  9.43854919e-01 
 1.02250000e+00  9.67657295e-01 
 1.02350000e+00  9.84446118e-01 
 1.02450000e+00  9.93046329e-01 
 1.02550000e+00  9.93050779e-01 
 1.02650000e+00  9.84459200e-01 
 1.02750000e+00  9.67678287e-01 
 1.02850000e+00  9.43881926e-01 
 1.02950000e+00  9.15254700e-01 
 1.03050000e+00  8.84723518e-01 
 1.03150000e+00  8.55474732e-01 
 1.03250000e+00  8.30513167e-01 
 1.03350000e+00  8.12358815e-01 
 1.03450000e+00  8.02812468e-01 
 1.03550000e+00  8.02810639e-01 
 1.03650000e+00  8.12342392e-01 
 1.03750000e+00  8.30490055e-01 
 1.03850000e+00  8.55447153e-01 
 1.03950000e+00  8.84693879e-01 
 1.04050000e+00  9.15225643e-01 
 1.04150000e+00  9.43854902e-01 
 1.04250000e+00  9.67657324e-01 
 1.04350000e+00  9.84446104e-01 
 1.04450000e+00  9.93046330e-01 
 1.04550000e+00  9.93050746e-01 
 1.04650000e+00  9.84459198e-01 
 1.04750000e+00  9.67678297e-01 
 1.04850000e+00  9.43881927e-01 
 1.04950000e+00  9.15254707e-01 
 1.05050000e+00  8.84723526e-01 
 1.05150000e+00  8.55474706e-01 
 1.05250000e+00  8.30513151e-01 
 1.05350000e+00  8.12358806e-01 
 1.05450000e+00  8.02812476e-01 
 1.05550000e+00  8.02810614e-01 
 1.05650000e+00  8.12342378e-01 
 1.05750000e+00  8.30490089e-01 
 1.05850000e+00  8.55447131e-01 
 1.05950000e+00  8.84693869e-01 
 1.06050000e+00  9.15225632e-01 
 1.06150000e+00  9.43854897e-01 
 1.06250000e+00  9.67657305e-01 
 1.06350000e+00  9.84446108e-01 
 1.06450000e+00  9.93046343e-01 
 1.06550000e+00  9.93050754e-01 
 1.06650000e+00  9.84459184e-01 
 1.06750000e+00  9.67678305e-01 
 1.06850000e+00  9.43881923e-01 
 1.06950000e+00  9.15254724e-01 
 1.07050000e+00  8.84723529e-01 
 1.07150000e+00  8.55474743e-01 
 1.07250000e+00  8.30513164e-01 
 1.07350000e+00  8.12358838e-01 
 1.07450000e+00  8.02812458e-01 
 1.07550000e+00  8.02810638e-01 
 1.07650000e+00  8.12342388e-01 
 1.07750000e+00  8.30490073e-01 
 1.07850000e+00  8.55447136e-01 
 1.07950000e+00  8.84693870e-01 
 1.08050000e+00  9.15225642e-01 
 1.08150000e+00  9.43854927e-01 
 1.08250000e+00  9.67657298e-01 
 1.08350000e+00  9.84446096e-01 
 1.08450000e+00  9.93046345e-01 
 1.08550000e+00  9.93050750e-01 
 1.08650000e+00  9.84459198e-01 
 1.08750000e+00  9.67678268e-01 
 1.08850000e+00  9.43881909e-01 
 1.08950000e+00  9.15254712e-01 
 1.09050000e+00  8.84723512e-01 
 1.09150000e+00  8.55474733e-01 
 1.09250000e+00  8.30513166e-01 
 1.09350000e+00  8.12358803e-01 
 1.09450000e+00  8.02812451e-01 
 1.09550000e+00  8.02810611e-01 
 1.09650000e+00  8.12342373e-01 
 1.09750000e+00  8.30490037e-01 
 1.09850000e+00  8.55447148e-01 
 1.09950000e+00  8.84693861e-01 
 1.10000000e+00  8.99994302e-01 
