 time            v(out)          time            v(outpl)       
 0.00000000e+00  9.00008293e-01  0.00000000e+00  8.67521731e-01 
 1.00000000e-07  9.00008292e-01  1.00000000e-07  8.67521729e-01 
 2.00000000e-07  9.00008291e-01  2.00000000e-07  8.67521728e-01 
 4.00000000e-07  9.00008289e-01  4.00000000e-07  8.67521726e-01 
 8.00000000e-07  9.00008291e-01  8.00000000e-07  8.67521726e-01 
 1.60000000e-06  9.00008297e-01  1.60000000e-06  8.67521728e-01 
 3.20000000e-06  9.00008316e-01  3.20000000e-06  8.67521729e-01 
 6.40000000e-06  9.00008327e-01  6.40000000e-06  8.67521723e-01 
 1.28000000e-05  9.00015183e-01  1.28000000e-05  8.67529300e-01 
 2.56000000e-05  9.00036189e-01  2.56000000e-05  8.67552134e-01 
 5.12000000e-05  9.00072172e-01  5.12000000e-05  8.67591187e-01 
 1.00718017e-04  9.00147129e-01  1.00718017e-04  8.67672671e-01 
 1.99754051e-04  9.00291753e-01  1.99754051e-04  8.67829841e-01 
 3.97826119e-04  9.00584884e-01  3.97826119e-04  8.68148580e-01 
 7.93970255e-04  9.01158198e-01  7.93970255e-04  8.68773105e-01 
 1.58625853e-03  9.02247691e-01  1.58625853e-03  8.69962771e-01 
 2.58625853e-03  9.03415133e-01  2.58625853e-03  8.71242270e-01 
 3.58625853e-03  9.04253246e-01  3.58625853e-03  8.72163716e-01 
 4.58625853e-03  9.04672548e-01  4.58625853e-03  8.72625734e-01 
 5.58625853e-03  9.04637582e-01  5.58625853e-03  8.72587003e-01 
 6.58625853e-03  9.04145363e-01  6.58625853e-03  8.72044753e-01 
 7.58625853e-03  9.03251669e-01  7.58625853e-03  8.71062472e-01 
 8.58625853e-03  9.02038303e-01  8.58625853e-03  8.69733609e-01 
 9.58625853e-03  9.00629818e-01  9.58625853e-03  8.68197386e-01 
 1.05862585e-02  8.99155696e-01  1.05862585e-02  8.66596741e-01 
 1.15862585e-02  8.97764336e-01  1.15862585e-02  8.65092079e-01 
 1.25862585e-02  8.96584920e-01  1.25862585e-02  8.63821164e-01 
 1.35862585e-02  8.95741105e-01  1.35862585e-02  8.62914217e-01 
 1.45862585e-02  8.95313105e-01  1.45862585e-02  8.62455007e-01 
 1.55862585e-02  8.95351907e-01  1.55862585e-02  8.62496513e-01 
 1.65862585e-02  8.95847123e-01  1.65862585e-02  8.63028011e-01 
 1.75862585e-02  8.96753205e-01  1.75862585e-02  8.64002082e-01 
 1.85862585e-02  8.97971643e-01  1.85862585e-02  8.65315866e-01 
 1.95862585e-02  8.99387948e-01  1.95862585e-02  8.66848482e-01 
 2.05862585e-02  9.00858431e-01  2.05862585e-02  8.68446518e-01 
 2.15862585e-02  9.02247667e-01  2.15862585e-02  8.69962747e-01 
 2.25862585e-02  9.03415190e-01  2.25862585e-02  8.71242291e-01 
 2.35862585e-02  9.04253222e-01  2.35862585e-02  8.72163682e-01 
 2.45862585e-02  9.04672595e-01  2.45862585e-02  8.72625767e-01 
 2.55862585e-02  9.04637501e-01  2.55862585e-02  8.72586971e-01 
 2.65862585e-02  9.04145379e-01  2.65862585e-02  8.72044783e-01 
 2.75862585e-02  9.03251644e-01  2.75862585e-02  8.71062441e-01 
 2.85862585e-02  9.02038321e-01  2.85862585e-02  8.69733642e-01 
 2.95862585e-02  9.00629756e-01  2.95862585e-02  8.68197355e-01 
 3.05862585e-02  8.99155702e-01  3.05862585e-02  8.66596773e-01 
 3.15862585e-02  8.97764336e-01  3.15862585e-02  8.65092048e-01 
 3.25862585e-02  8.96584966e-01  3.25862585e-02  8.63821195e-01 
 3.35862585e-02  8.95741085e-01  3.35862585e-02  8.62914186e-01 
 3.45862585e-02  8.95313155e-01  3.45862585e-02  8.62455040e-01 
 3.55862585e-02  8.95351847e-01  3.55862585e-02  8.62496482e-01 
 3.65862585e-02  8.95847178e-01  3.65862585e-02  8.63028042e-01 
 3.75862585e-02  8.96753154e-01  3.75862585e-02  8.64002050e-01 
 3.85862585e-02  8.97971709e-01  3.85862585e-02  8.65315897e-01 
 3.95862585e-02  8.99387903e-01  3.95862585e-02  8.66848451e-01 
 4.05862585e-02  9.00858491e-01  4.05862585e-02  8.68446549e-01 
 4.15862585e-02  9.02247630e-01  4.15862585e-02  8.69962715e-01 
 4.25862585e-02  9.03415235e-01  4.25862585e-02  8.71242322e-01 
 4.35862585e-02  9.04253203e-01  4.35862585e-02  8.72163653e-01 
 4.45862585e-02  9.04672590e-01  4.45862585e-02  8.72625799e-01 
 4.55862585e-02  9.04637479e-01  4.55862585e-02  8.72586939e-01 
 4.65862585e-02  9.04145447e-01  4.65862585e-02  8.72044815e-01 
 4.75862585e-02  9.03251576e-01  4.75862585e-02  8.71062411e-01 
 4.85862585e-02  9.02038366e-01  4.85862585e-02  8.69733672e-01 
 4.95862585e-02  9.00629724e-01  4.95862585e-02  8.68197325e-01 
 5.00000000e-02  9.00018495e-01  5.00000000e-02  8.67532807e-01 
 5.01000000e-02  8.99871346e-01  5.01000000e-02  8.67372943e-01 
 5.03000000e-02  8.99576095e-01  5.03000000e-02  8.67052484e-01 
 5.07000000e-02  8.98991430e-01  5.07000000e-02  8.66418724e-01 
 5.15000000e-02  8.97877029e-01  5.15000000e-02  8.65213736e-01 
 5.25000000e-02  8.96675713e-01  5.25000000e-02  8.63918837e-01 
 5.35000000e-02  8.95797681e-01  5.35000000e-02  8.62975009e-01 
 5.45000000e-02  8.95332693e-01  5.45000000e-02  8.62476014e-01 
 5.55000000e-02  8.95329376e-01  5.55000000e-02  8.62472405e-01 
 5.65000000e-02  8.95787978e-01  5.65000000e-02  8.62964439e-01 
 5.75000000e-02  8.96660394e-01  5.75000000e-02  8.63902243e-01 
 5.85000000e-02  8.97857650e-01  5.85000000e-02  8.65192744e-01 
 5.95000000e-02  8.99260853e-01  5.95000000e-02  8.66710704e-01 
 6.05000000e-02  9.00733584e-01  6.05000000e-02  8.68310534e-01 
 6.15000000e-02  9.02133950e-01  6.15000000e-02  8.69838436e-01 
 6.25000000e-02  9.03326792e-01  6.25000000e-02  8.71145237e-01 
 6.35000000e-02  9.04195712e-01  6.35000000e-02  8.72100399e-01 
 6.45000000e-02  9.04654796e-01  6.45000000e-02  8.72606152e-01 
 6.55000000e-02  9.04658123e-01  6.55000000e-02  8.72609741e-01 
 6.65000000e-02  9.04205427e-01  6.65000000e-02  8.72110875e-01 
 6.75000000e-02  9.03342072e-01  6.75000000e-02  8.71161690e-01 
 6.85000000e-02  9.02153289e-01  6.85000000e-02  8.69859314e-01 
 6.95000000e-02  9.00755080e-01  6.95000000e-02  8.68333794e-01 
 7.05000000e-02  8.99282400e-01  7.05000000e-02  8.66734030e-01 
 7.15000000e-02  8.97877056e-01  7.15000000e-02  8.65213788e-01 
 7.25000000e-02  8.96675732e-01  7.25000000e-02  8.63918836e-01 
 7.35000000e-02  8.95797711e-01  7.35000000e-02  8.62975009e-01 
 7.45000000e-02  8.95332755e-01  7.45000000e-02  8.62476014e-01 
 7.55000000e-02  8.95329351e-01  7.55000000e-02  8.62472405e-01 
 7.65000000e-02  8.95787967e-01  7.65000000e-02  8.62964439e-01 
 7.75000000e-02  8.96660372e-01  7.75000000e-02  8.63902243e-01 
 7.85000000e-02  8.97857643e-01  7.85000000e-02  8.65192744e-01 
 7.95000000e-02  8.99260877e-01  7.95000000e-02  8.66710704e-01 
 8.00000000e-02  8.99997369e-01  8.00000000e-02  8.67509823e-01 
 8.01000000e-02  9.00171730e-01  8.01000000e-02  8.67697094e-01 
 8.03000000e-02  9.00520310e-01  8.03000000e-02  8.68071716e-01 
 8.07000000e-02  9.01210680e-01  8.07000000e-02  8.68814390e-01 
 8.15000000e-02  9.02532592e-01  8.15000000e-02  8.70238965e-01 
 8.25000000e-02  9.03987643e-01  8.25000000e-02  8.71809406e-01 
 8.35000000e-02  9.05116981e-01  8.35000000e-02  8.73026419e-01 
 8.45000000e-02  9.05836704e-01  8.45000000e-02  8.73794118e-01 
 8.55000000e-02  9.06102686e-01  8.55000000e-02  8.74061741e-01 
 8.65000000e-02  9.05916564e-01  8.65000000e-02  8.73830833e-01 
 8.75000000e-02  9.05324877e-01  8.75000000e-02  8.73154686e-01 
 8.85000000e-02  9.04413229e-01  8.85000000e-02  8.72130759e-01 
 8.95000000e-02  9.03296934e-01  8.95000000e-02  8.70888477e-01 
 9.05000000e-02  9.02109620e-01  9.05000000e-02  8.69575436e-01 
 9.15000000e-02  9.00991367e-01  9.15000000e-02  8.68343568e-01 
 9.25000000e-02  9.00076776e-01  9.25000000e-02  8.67336624e-01 
 9.35000000e-02  8.99482934e-01  9.35000000e-02  8.66678313e-01 
 9.45000000e-02  8.99297637e-01  9.45000000e-02  8.66460387e-01 
 9.55000000e-02  8.99567725e-01  9.55000000e-02  8.66731597e-01 
 9.65000000e-02  9.00292089e-01  9.65000000e-02  8.67490844e-01 
 9.75000000e-02  9.01421777e-01  9.75000000e-02  8.68687348e-01 
 9.85000000e-02  9.02867582e-01  9.85000000e-02  8.70227877e-01 
 9.95000000e-02  9.04511252e-01  9.95000000e-02  8.71987856e-01 
 1.00000000e-01  9.05365459e-01  1.00000000e-01  8.72905496e-01 
 1.00100000e-01  9.05523514e-01  1.00100000e-01  8.73076446e-01 
 1.00300000e-01  9.05838435e-01  1.00300000e-01  8.73417289e-01 
 1.00700000e-01  9.06461579e-01  1.00700000e-01  8.74092536e-01 
 1.01500000e-01  9.07650550e-01  1.01500000e-01  8.75383721e-01 
 1.02500000e-01  9.08944300e-01  1.02500000e-01  8.76792320e-01 
 1.03500000e-01  9.09920733e-01  1.03500000e-01  8.77855785e-01 
 1.04500000e-01  9.10497855e-01  1.04500000e-01  8.78480272e-01 
 1.05500000e-01  9.10632341e-01  1.05500000e-01  8.78615747e-01 
 1.06500000e-01  9.10324889e-01  1.06500000e-01  8.78262813e-01 
 1.07500000e-01  9.09619679e-01  1.07500000e-01  8.77472532e-01 
 1.08500000e-01  9.08599350e-01  1.08500000e-01  8.76339204e-01 
 1.09500000e-01  9.07375810e-01  1.09500000e-01  8.74988986e-01 
 1.10500000e-01  9.06079771e-01  1.10500000e-01  8.73566462e-01 
 1.11500000e-01  9.04849000e-01  1.11500000e-01  8.72221310e-01 
 1.12500000e-01  9.03816444e-01  1.12500000e-01  8.71095700e-01 
 1.13500000e-01  9.03098483e-01  1.13500000e-01  8.70312562e-01 
 1.14500000e-01  9.02782659e-01  1.14500000e-01  8.69963377e-01 
 1.15500000e-01  9.02916086e-01  1.15500000e-01  8.70097227e-01 
 1.16500000e-01  9.03498243e-01  1.16500000e-01  8.70713648e-01 
 1.17500000e-01  9.04481282e-01  1.17500000e-01  8.71762934e-01 
 1.18500000e-01  9.05777347e-01  1.18500000e-01  8.73153100e-01 
 1.19500000e-01  9.07269635e-01  1.19500000e-01  8.74761134e-01 
 1.20000000e-01  9.08048100e-01  1.20000000e-01  8.75602697e-01 
 1.20100000e-01  9.08199873e-01  1.20100000e-01  8.75767317e-01 
 1.20300000e-01  9.08502474e-01  1.20300000e-01  8.76095751e-01 
 1.20700000e-01  9.09100910e-01  1.20700000e-01  8.76746231e-01 
 1.21500000e-01  9.10240999e-01  1.21500000e-01  8.77988455e-01 
 1.22500000e-01  9.11476007e-01  1.22500000e-01  8.79338112e-01 
 1.23500000e-01  9.12397680e-01  1.23500000e-01  8.80346633e-01 
 1.24500000e-01  9.12925329e-01  1.24500000e-01  8.80921368e-01 
 1.25500000e-01  9.13015957e-01  1.25500000e-01  8.81012798e-01 
 1.26500000e-01  9.12670099e-01  1.26500000e-01  8.80621224e-01 
 1.27500000e-01  9.11930886e-01  1.27500000e-01  8.79796664e-01 
 1.28500000e-01  9.10879352e-01  1.28500000e-01  8.78631892e-01 
 1.29500000e-01  9.09625749e-01  1.29500000e-01  8.77251348e-01 
 1.30500000e-01  9.08299182e-01  1.30500000e-01  8.75798030e-01 
 1.31500000e-01  9.07036089e-01  1.31500000e-01  8.74420301e-01 
 1.32500000e-01  9.05968514e-01  1.32500000e-01  8.73259406e-01 
 1.33500000e-01  9.05212314e-01  1.33500000e-01  8.72437669e-01 
 1.34500000e-01  9.04854515e-01  1.34500000e-01  8.72046309e-01 
 1.35500000e-01  9.04942453e-01  1.35500000e-01  8.72134387e-01 
 1.36500000e-01  9.05475650e-01  1.36500000e-01  8.72701682e-01 
 1.37500000e-01  9.06406833e-01  1.37500000e-01  8.73698911e-01 
 1.38500000e-01  9.07648691e-01  1.38500000e-01  8.75034741e-01 
 1.39500000e-01  9.09085378e-01  1.39500000e-01  8.76586957e-01 
 1.40500000e-01  9.10585054e-01  1.40500000e-01  8.78214395e-01 
 1.41500000e-01  9.12011495e-01  1.41500000e-01  8.79769066e-01 
 1.42500000e-01  9.13236473e-01  1.42500000e-01  8.81108626e-01 
 1.43500000e-01  9.14150598e-01  1.43500000e-01  8.82109594e-01 
 1.44500000e-01  9.14674119e-01  1.44500000e-01  8.82680247e-01 
 1.45500000e-01  9.14764673e-01  1.45500000e-01  8.82771632e-01 
 1.46500000e-01  9.14422799e-01  1.46500000e-01  8.82384060e-01 
 1.47500000e-01  9.13691028e-01  1.47500000e-01  8.81566980e-01 
 1.48500000e-01  9.12649521e-01  1.48500000e-01  8.80412180e-01 
 1.49500000e-01  9.11407209e-01  1.49500000e-01  8.79042889e-01 
 1.50000000e-01  9.10750282e-01  1.50000000e-01  8.78321698e-01 
 1.50100000e-01  9.10600594e-01  1.50100000e-01  8.78159219e-01 
 1.50300000e-01  9.10300933e-01  1.50300000e-01  8.77834240e-01 
 1.50700000e-01  9.09706747e-01  1.50700000e-01  8.77190664e-01 
 1.51500000e-01  9.08569080e-01  1.51500000e-01  8.75961751e-01 
 1.52500000e-01  9.07327480e-01  1.52500000e-01  8.74625951e-01 
 1.53500000e-01  9.06394093e-01  1.53500000e-01  8.73625952e-01 
 1.54500000e-01  9.05856268e-01  1.54500000e-01  8.73053536e-01 
 1.55500000e-01  9.05762070e-01  1.55500000e-01  8.72958543e-01 
 1.56500000e-01  9.06112127e-01  1.56500000e-01  8.73341678e-01 
 1.57500000e-01  9.06860078e-01  1.57500000e-01  8.74154635e-01 
 1.58500000e-01  9.07919403e-01  1.58500000e-01  8.75307012e-01 
 1.59500000e-01  9.09175299e-01  1.59500000e-01  8.76677373e-01 
 1.60500000e-01  9.10496205e-01  1.60500000e-01  8.78125072e-01 
 1.61500000e-01  9.11746207e-01  1.61500000e-01  8.79502266e-01 
 1.62500000e-01  9.12796696e-01  1.62500000e-01  8.80666290e-01 
 1.63500000e-01  9.13537385e-01  1.63500000e-01  8.81492857e-01 
 1.64500000e-01  9.13887459e-01  1.64500000e-01  8.81889056e-01 
 1.65500000e-01  9.13803211e-01  1.65500000e-01  8.81804576e-01 
 1.66500000e-01  9.13283835e-01  1.66500000e-01  8.81238519e-01 
 1.67500000e-01  9.12371254e-01  1.67500000e-01  8.80239537e-01 
 1.68500000e-01  9.11145139e-01  1.68500000e-01  8.78899219e-01 
 1.69500000e-01  9.09715097e-01  1.69500000e-01  8.77341195e-01 
 1.70500000e-01  9.08209795e-01  1.70500000e-01  8.75708142e-01 
 1.71500000e-01  9.06765835e-01  1.71500000e-01  8.74148559e-01 
 1.72500000e-01  9.05515721e-01  1.72500000e-01  8.72804206e-01 
 1.73500000e-01  9.04576205e-01  1.73500000e-01  8.71798181e-01 
 1.74500000e-01  9.04035240e-01  1.74500000e-01  8.71222634e-01 
 1.75500000e-01  9.03940995e-01  1.75500000e-01  8.71127597e-01 
 1.76500000e-01  9.04294127e-01  1.76500000e-01  8.71513784e-01 
 1.77500000e-01  9.05048023e-01  1.77500000e-01  8.72332685e-01 
 1.78500000e-01  9.06115828e-01  1.78500000e-01  8.73493503e-01 
 1.79500000e-01  9.07382049e-01  1.79500000e-01  8.74874172e-01 
 1.80000000e-01  9.08048441e-01  1.80000000e-01  8.75603027e-01 
 1.80100000e-01  9.08171197e-01  1.80100000e-01  8.75738548e-01 
 1.80300000e-01  9.08415860e-01  1.80300000e-01  8.76008703e-01 
 1.80700000e-01  9.08898833e-01  1.80700000e-01  8.76543071e-01 
 1.81500000e-01  9.09809730e-01  1.81500000e-01  8.77554817e-01 
 1.82500000e-01  9.10761033e-01  1.82500000e-01  8.78619161e-01 
 1.83500000e-01  9.11400916e-01  1.83500000e-01  8.79344211e-01 
 1.84500000e-01  9.11646512e-01  1.84500000e-01  8.79635384e-01 
 1.85500000e-01  9.11452942e-01  1.85500000e-01  8.79440956e-01 
 1.86500000e-01  9.10818535e-01  1.86500000e-01  8.78759265e-01 
 1.87500000e-01  9.09785263e-01  1.87500000e-01  8.77639044e-01 
 1.88500000e-01  9.08433762e-01  1.88500000e-01  8.76172732e-01 
 1.89500000e-01  9.06874934e-01  1.89500000e-01  8.74485430e-01 
 1.90500000e-01  9.05239365e-01  1.90500000e-01  8.72721566e-01 
 1.91500000e-01  9.03665386e-01  1.91500000e-01  8.71031479e-01 
 1.92500000e-01  9.02287341e-01  1.92500000e-01  8.69558623e-01 
 1.93500000e-01  9.01223290e-01  1.93500000e-01  8.68427614e-01 
 1.94500000e-01  9.00562627e-01  1.94500000e-01  8.67731824e-01 
 1.95500000e-01  9.00354374e-01  1.95500000e-01  8.67522233e-01 
 1.96500000e-01  9.00599755e-01  1.96500000e-01  8.67800126e-01 
 1.97500000e-01  9.01252429e-01  1.97500000e-01  8.68517172e-01 
 1.98500000e-01  9.02225195e-01  1.98500000e-01  8.69582235e-01 
 1.99500000e-01  9.03401556e-01  1.99500000e-01  8.70872354e-01 
 2.00500000e-01  9.04647449e-01  2.00500000e-01  8.72244424e-01 
 2.01500000e-01  9.05823711e-01  2.01500000e-01  8.73547220e-01 
 2.02500000e-01  9.06797462e-01  2.02500000e-01  8.74633930e-01 
 2.03500000e-01  9.07454140e-01  2.03500000e-01  8.75375839e-01 
 2.04500000e-01  9.07708757e-01  2.04500000e-01  8.75676057e-01 
 2.05500000e-01  9.07515090e-01  2.05500000e-01  8.75481599e-01 
 2.06500000e-01  9.06871499e-01  2.06500000e-01  8.74790801e-01 
 2.07500000e-01  9.05821266e-01  2.07500000e-01  8.73653661e-01 
 2.08500000e-01  9.04447054e-01  2.08500000e-01  8.72164846e-01 
 2.09500000e-01  9.02862780e-01  2.09500000e-01  8.70452162e-01 
 2.10500000e-01  9.01201531e-01  2.10500000e-01  8.68662765e-01 
 2.11500000e-01  8.99604095e-01  2.11500000e-01  8.66949397e-01 
 2.12500000e-01  8.98206843e-01  2.12500000e-01  8.65457433e-01 
 2.13500000e-01  8.97129106e-01  2.13500000e-01  8.64312884e-01 
 2.14500000e-01  8.96461299e-01  2.14500000e-01  8.63610035e-01 
 2.15500000e-01  8.96252797e-01  2.15500000e-01  8.63400319e-01 
 2.16500000e-01  8.96505099e-01  2.16500000e-01  8.63685017e-01 
 2.17500000e-01  8.97171059e-01  2.17500000e-01  8.64415363e-01 
 2.18500000e-01  8.98162713e-01  2.18500000e-01  8.65499315e-01 
 2.19500000e-01  8.99362181e-01  2.19500000e-01  8.66812515e-01 
 2.20000000e-01  8.99997653e-01  2.20000000e-01  8.67510118e-01 
 2.20100000e-01  9.00145228e-01  2.20100000e-01  8.67670519e-01 
 2.20300000e-01  9.00440293e-01  2.20300000e-01  8.67991305e-01 
 2.20700000e-01  9.01023945e-01  2.20700000e-01  8.68626717e-01 
 2.21500000e-01  9.02133956e-01  2.21500000e-01  8.69838379e-01 
 2.22500000e-01  9.03326802e-01  2.22500000e-01  8.71145247e-01 
 2.23500000e-01  9.04195683e-01  2.23500000e-01  8.72100397e-01 
 2.24500000e-01  9.04654811e-01  2.24500000e-01  8.72606155e-01 
 2.25500000e-01  9.04658117e-01  2.25500000e-01  8.72609738e-01 
 2.26500000e-01  9.04205438e-01  2.26500000e-01  8.72110878e-01 
 2.27500000e-01  9.03342050e-01  2.27500000e-01  8.71161688e-01 
 2.28500000e-01  9.02153347e-01  2.28500000e-01  8.69859319e-01 
 2.29500000e-01  9.00755061e-01  2.29500000e-01  8.68333792e-01 
 2.30500000e-01  8.99282425e-01  2.30500000e-01  8.66734033e-01 
 2.31500000e-01  8.97877033e-01  2.31500000e-01  8.65213784e-01 
 2.32500000e-01  8.96675723e-01  2.32500000e-01  8.63918839e-01 
 2.33500000e-01  8.95797670e-01  2.33500000e-01  8.62975007e-01 
 2.34500000e-01  8.95332725e-01  2.34500000e-01  8.62476017e-01 
 2.35500000e-01  8.95329394e-01  2.35500000e-01  8.62472403e-01 
 2.36500000e-01  8.95787950e-01  2.36500000e-01  8.62964442e-01 
 2.37500000e-01  8.96660386e-01  2.37500000e-01  8.63902240e-01 
 2.38500000e-01  8.97857659e-01  2.38500000e-01  8.65192747e-01 
 2.39500000e-01  8.99260900e-01  2.39500000e-01  8.66710701e-01 
 2.40500000e-01  9.00733564e-01  2.40500000e-01  8.68310537e-01 
 2.41500000e-01  9.02133951e-01  2.41500000e-01  8.69838434e-01 
 2.42500000e-01  9.03326797e-01  2.42500000e-01  8.71145239e-01 
 2.43500000e-01  9.04195704e-01  2.43500000e-01  8.72100397e-01 
 2.44500000e-01  9.04654802e-01  2.44500000e-01  8.72606155e-01 
 2.45500000e-01  9.04658146e-01  2.45500000e-01  8.72609738e-01 
 2.46500000e-01  9.04205429e-01  2.46500000e-01  8.72110878e-01 
 2.47500000e-01  9.03342062e-01  2.47500000e-01  8.71161688e-01 
 2.48500000e-01  9.02153326e-01  2.48500000e-01  8.69859318e-01 
 2.49500000e-01  9.00755072e-01  2.49500000e-01  8.68333792e-01 
 2.50500000e-01  8.99282418e-01  2.50500000e-01  8.66734032e-01 
 2.51500000e-01  8.97877068e-01  2.51500000e-01  8.65213785e-01 
 2.52500000e-01  8.96675718e-01  2.52500000e-01  8.63918839e-01 
 2.53500000e-01  8.95797659e-01  2.53500000e-01  8.62975006e-01 
 2.54500000e-01  8.95332719e-01  2.54500000e-01  8.62476017e-01 
 2.55500000e-01  8.95329385e-01  2.55500000e-01  8.62472402e-01 
 2.56500000e-01  8.95787962e-01  2.56500000e-01  8.62964442e-01 
 2.57500000e-01  8.96660409e-01  2.57500000e-01  8.63902240e-01 
 2.58500000e-01  8.97857654e-01  2.58500000e-01  8.65192748e-01 
 2.59500000e-01  8.99260871e-01  2.59500000e-01  8.66710701e-01 
 2.60500000e-01  9.00733623e-01  2.60500000e-01  8.68310537e-01 
 2.61500000e-01  9.02133954e-01  2.61500000e-01  8.69838433e-01 
 2.62500000e-01  9.03326760e-01  2.62500000e-01  8.71145239e-01 
 2.63500000e-01  9.04195698e-01  2.63500000e-01  8.72100397e-01 
 2.64500000e-01  9.04654803e-01  2.64500000e-01  8.72606155e-01 
 2.65500000e-01  9.04658145e-01  2.65500000e-01  8.72609739e-01 
 2.66500000e-01  9.04205456e-01  2.66500000e-01  8.72110878e-01 
 2.67500000e-01  9.03342040e-01  2.67500000e-01  8.71161687e-01 
 2.68500000e-01  9.02153298e-01  2.68500000e-01  8.69859317e-01 
 2.69500000e-01  9.00755081e-01  2.69500000e-01  8.68333792e-01 
 2.70500000e-01  8.99282406e-01  2.70500000e-01  8.66734033e-01 
 2.71500000e-01  8.97877079e-01  2.71500000e-01  8.65213785e-01 
 2.72500000e-01  8.96675737e-01  2.72500000e-01  8.63918838e-01 
 2.73500000e-01  8.95797693e-01  2.73500000e-01  8.62975007e-01 
 2.74500000e-01  8.95332766e-01  2.74500000e-01  8.62476016e-01 
 2.75500000e-01  8.95329417e-01  2.75500000e-01  8.62472402e-01 
 2.76500000e-01  8.95787969e-01  2.76500000e-01  8.62964442e-01 
 2.77500000e-01  8.96660404e-01  2.77500000e-01  8.63902240e-01 
 2.78500000e-01  8.97857662e-01  2.78500000e-01  8.65192748e-01 
 2.79500000e-01  8.99260894e-01  2.79500000e-01  8.66710701e-01 
 2.80000000e-01  8.99997336e-01  2.80000000e-01  8.67509825e-01 
 2.80100000e-01  9.00118752e-01  2.80100000e-01  8.67643937e-01 
 2.80300000e-01  9.00360235e-01  2.80300000e-01  8.67910900e-01 
 2.80700000e-01  9.00837177e-01  2.80700000e-01  8.68439035e-01 
 2.81500000e-01  9.01735350e-01  2.81500000e-01  8.69437782e-01 
 2.82500000e-01  9.02665895e-01  2.82500000e-01  8.70481040e-01 
 2.83500000e-01  9.03274260e-01  2.83500000e-01  8.71174299e-01 
 2.84500000e-01  9.03472635e-01  2.84500000e-01  8.71418046e-01 
 2.85500000e-01  9.03213249e-01  2.85500000e-01  8.71157538e-01 
 2.86500000e-01  9.02493815e-01  2.86500000e-01  8.70390631e-01 
 2.87500000e-01  9.01358565e-01  2.87500000e-01  8.69168319e-01 
 2.88500000e-01  8.99892528e-01  2.88500000e-01  8.67587398e-01 
 2.89500000e-01  8.98212277e-01  2.89500000e-01  8.65778541e-01 
 2.90000000e-01  8.97333925e-01  2.90000000e-01  8.64835164e-01 
 2.90100000e-01  8.97157490e-01  2.90100000e-01  8.64645910e-01 
 2.90300000e-01  8.96804969e-01  2.90300000e-01  8.64267971e-01 
 2.90700000e-01  8.96105606e-01  2.90700000e-01  8.63519026e-01 
 2.91500000e-01  8.94761281e-01  2.91500000e-01  8.62083170e-01 
 2.92500000e-01  8.93272985e-01  2.92500000e-01  8.60500164e-01 
 2.93500000e-01  8.92110592e-01  2.93500000e-01  8.59270678e-01 
 2.94500000e-01  8.91365612e-01  2.94500000e-01  8.58490488e-01 
 2.95500000e-01  8.91088512e-01  2.95500000e-01  8.58211881e-01 
 2.96500000e-01  8.91280965e-01  2.96500000e-01  8.58436522e-01 
 2.97500000e-01  8.91895821e-01  2.97500000e-01  8.59115383e-01 
 2.98500000e-01  8.92844051e-01  2.98500000e-01  8.60155601e-01 
 2.99500000e-01  8.94006287e-01  2.99500000e-01  8.61431232e-01 
 3.00000000e-01  8.94624860e-01  3.00000000e-01  8.62111675e-01 
 3.00100000e-01  8.95199657e-01  3.00100000e-01  8.62700828e-01 
 3.00300000e-01  8.96359140e-01  3.00300000e-01  8.63890028e-01 
 3.00700000e-01  8.98665182e-01  3.00700000e-01  8.66255960e-01 
 3.01500000e-01  9.03191994e-01  3.01500000e-01  8.70901285e-01 
 3.02500000e-01  9.08608418e-01  3.02500000e-01  8.76454228e-01 
 3.03500000e-01  9.13662865e-01  3.03500000e-01  8.81618644e-01 
 3.04500000e-01  9.18295310e-01  3.04500000e-01  8.86322704e-01 
 3.05500000e-01  9.22489748e-01  3.05500000e-01  8.90543738e-01 
 3.06500000e-01  9.26275479e-01  3.06500000e-01  8.94311004e-01 
 3.07500000e-01  9.29718181e-01  3.07500000e-01  8.97696787e-01 
 3.08500000e-01  9.32911499e-01  3.08500000e-01  9.00806611e-01 
 3.09500000e-01  9.35964895e-01  3.09500000e-01  9.03764128e-01 
 3.10000000e-01  9.37476131e-01  3.10000000e-01  9.05226980e-01 
 3.10100000e-01  9.37778944e-01  3.10100000e-01  9.05520334e-01 
 3.10300000e-01  9.38386226e-01  3.10300000e-01  9.06108962e-01 
 3.10700000e-01  9.39610414e-01  3.10700000e-01  9.07297176e-01 
 3.11500000e-01  9.42121499e-01  3.11500000e-01  9.09744589e-01 
 3.12500000e-01  9.45446065e-01  3.12500000e-01  9.13010455e-01 
 3.13500000e-01  9.49056945e-01  3.13500000e-01  9.16592039e-01 
 3.14500000e-01  9.53012068e-01  3.14500000e-01  9.20551684e-01 
 3.15500000e-01  9.57331272e-01  3.15500000e-01  9.24911492e-01 
 3.16500000e-01  9.61991410e-01  3.16500000e-01  9.29648629e-01 
 3.17500000e-01  9.66929039e-01  3.17500000e-01  9.34697859e-01 
 3.18500000e-01  9.72050439e-01  3.18500000e-01  9.39961383e-01 
 3.19500000e-01  9.77245972e-01  3.19500000e-01  9.45322885e-01 
 3.20000000e-01  9.79836520e-01  3.20000000e-01  9.48002516e-01 
 3.20100000e-01  9.79523110e-01  3.20100000e-01  9.47698014e-01 
 3.20300000e-01  9.78873806e-01  3.20300000e-01  9.47064871e-01 
 3.20700000e-01  9.77573756e-01  3.20700000e-01  9.45797450e-01 
 3.21500000e-01  9.74950478e-01  3.21500000e-01  9.43238092e-01 
 3.22500000e-01  9.71568824e-01  3.22500000e-01  9.39924315e-01 
 3.23500000e-01  9.67998760e-01  3.23500000e-01  9.36395734e-01 
 3.24500000e-01  9.64169420e-01  3.24500000e-01  9.32569606e-01 
 3.25500000e-01  9.60028338e-01  3.25500000e-01  9.28386914e-01 
 3.26500000e-01  9.55544889e-01  3.26500000e-01  9.23816965e-01 
 3.27500000e-01  9.50720712e-01  3.27500000e-01  9.18868268e-01 
 3.28500000e-01  9.45590738e-01  3.28500000e-01  9.13587337e-01 
 3.29500000e-01  9.40226924e-01  3.29500000e-01  9.08060443e-01 
 3.30000000e-01  9.37487618e-01  3.30000000e-01  9.05239367e-01 
 3.30100000e-01  9.36884558e-01  3.30100000e-01  9.04619876e-01 
 3.30300000e-01  9.35674900e-01  3.30300000e-01  9.03377407e-01 
 3.30700000e-01  9.33251208e-01  3.30700000e-01  9.00889690e-01 
 3.31500000e-01  9.28416497e-01  3.31500000e-01  8.95935494e-01 
 3.32500000e-01  9.22485196e-01  3.32500000e-01  8.89876463e-01 
 3.33500000e-01  9.16797160e-01  3.33500000e-01  8.84090626e-01 
 3.34500000e-01  9.11459130e-01  3.34500000e-01  8.78688640e-01 
 3.35500000e-01  9.06542468e-01  3.35500000e-01  8.73743689e-01 
 3.36500000e-01  9.02072884e-01  3.36500000e-01  8.69281261e-01 
 3.37500000e-01  8.98027941e-01  3.37500000e-01  8.65276905e-01 
 3.38500000e-01  8.94341379e-01  3.38500000e-01  8.61660188e-01 
 3.39500000e-01  8.90911726e-01  3.39500000e-01  8.58323225e-01 
 3.40000000e-01  8.89254101e-01  3.40000000e-01  8.56717654e-01 
 3.40100000e-01  8.89455353e-01  3.40100000e-01  8.56931330e-01 
 3.40300000e-01  8.89871155e-01  3.40300000e-01  8.57373370e-01 
 3.40700000e-01  8.90696275e-01  3.40700000e-01  8.58251054e-01 
 3.41500000e-01  8.92284255e-01  3.41500000e-01  8.59942348e-01 
 3.42500000e-01  8.94062336e-01  3.42500000e-01  8.61836735e-01 
 3.43500000e-01  8.95498026e-01  3.43500000e-01  8.63360907e-01 
 3.44500000e-01  8.96503495e-01  3.44500000e-01  8.64415422e-01 
 3.45500000e-01  8.97032919e-01  3.45500000e-01  8.64947527e-01 
 3.46500000e-01  8.97090276e-01  3.46500000e-01  8.64961169e-01 
 3.47500000e-01  8.96726037e-01  3.47500000e-01  8.64513570e-01 
 3.48500000e-01  8.96032519e-01  3.48500000e-01  8.63708995e-01 
 3.49500000e-01  8.95131160e-01  3.49500000e-01  8.62682881e-01 
 3.50000000e-01  8.94646176e-01  3.50000000e-01  8.62134749e-01 
 3.50100000e-01  8.94548629e-01  3.50100000e-01  8.62024753e-01 
 3.50300000e-01  8.94354392e-01  3.50300000e-01  8.61805819e-01 
 3.50700000e-01  8.93972800e-01  3.50700000e-01  8.61376225e-01 
 3.51500000e-01  8.93269475e-01  3.51500000e-01  8.60584298e-01 
 3.52500000e-01  8.92591085e-01  3.52500000e-01  8.59815048e-01 
 3.53500000e-01  8.92246101e-01  3.53500000e-01  8.59406702e-01 
 3.54500000e-01  8.92322328e-01  3.54500000e-01  8.59451507e-01 
 3.55500000e-01  8.92866289e-01  3.55500000e-01  8.59997668e-01 
 3.56500000e-01  8.93875335e-01  3.56500000e-01  8.61042712e-01 
 3.57500000e-01  8.95298604e-01  3.57500000e-01  8.62533824e-01 
 3.58500000e-01  8.97044101e-01  3.58500000e-01  8.64375185e-01 
 3.59500000e-01  8.98990764e-01  3.59500000e-01  8.66439202e-01 
 3.60000000e-01  8.99996626e-01  3.60000000e-01  8.67509036e-01 
 3.60100000e-01  9.00145235e-01  3.60100000e-01  8.67670507e-01 
 3.60300000e-01  9.00440315e-01  3.60300000e-01  8.67991317e-01 
 3.60700000e-01  9.01023932e-01  3.60700000e-01  8.68626706e-01 
 3.61500000e-01  9.02133973e-01  3.61500000e-01  8.69838390e-01 
 3.62500000e-01  9.03326777e-01  3.62500000e-01  8.71145236e-01 
 3.63500000e-01  9.04195704e-01  3.63500000e-01  8.72100408e-01 
 3.64500000e-01  9.04654754e-01  3.64500000e-01  8.72606144e-01 
 3.65500000e-01  9.04658140e-01  3.65500000e-01  8.72609749e-01 
 3.66500000e-01  9.04205428e-01  3.66500000e-01  8.72110867e-01 
 3.67500000e-01  9.03342063e-01  3.67500000e-01  8.71161698e-01 
 3.68500000e-01  9.02153274e-01  3.68500000e-01  8.69859307e-01 
 3.69500000e-01  9.00755063e-01  3.69500000e-01  8.68333803e-01 
 3.70500000e-01  8.99282394e-01  3.70500000e-01  8.66734023e-01 
 3.71500000e-01  8.97877042e-01  3.71500000e-01  8.65213796e-01 
 3.72500000e-01  8.96675687e-01  3.72500000e-01  8.63918829e-01 
 3.73500000e-01  8.95797687e-01  3.73500000e-01  8.62975017e-01 
 3.74500000e-01  8.95332685e-01  3.74500000e-01  8.62476006e-01 
 3.75500000e-01  8.95329422e-01  3.75500000e-01  8.62472412e-01 
 3.76500000e-01  8.95787968e-01  3.76500000e-01  8.62964431e-01 
 3.77500000e-01  8.96660437e-01  3.77500000e-01  8.63902251e-01 
 3.78500000e-01  8.97857604e-01  3.78500000e-01  8.65192737e-01 
 3.79500000e-01  8.99260877e-01  3.79500000e-01  8.66710712e-01 
 3.80500000e-01  9.00733592e-01  3.80500000e-01  8.68310526e-01 
 3.81500000e-01  9.02134017e-01  3.81500000e-01  8.69838444e-01 
 3.82500000e-01  9.03326780e-01  3.82500000e-01  8.71145229e-01 
 3.83500000e-01  9.04195711e-01  3.83500000e-01  8.72100406e-01 
 3.84500000e-01  9.04654789e-01  3.84500000e-01  8.72606144e-01 
 3.85500000e-01  9.04658173e-01  3.85500000e-01  8.72609748e-01 
 3.86500000e-01  9.04205404e-01  3.86500000e-01  8.72110868e-01 
 3.87500000e-01  9.03342054e-01  3.87500000e-01  8.71161697e-01 
 3.88500000e-01  9.02153296e-01  3.88500000e-01  8.69859307e-01 
 3.89500000e-01  9.00755106e-01  3.89500000e-01  8.68333802e-01 
 3.90500000e-01  8.99282389e-01  3.90500000e-01  8.66734024e-01 
 3.91500000e-01  8.97877030e-01  3.91500000e-01  8.65213795e-01 
 3.92500000e-01  8.96675709e-01  3.92500000e-01  8.63918829e-01 
 3.93500000e-01  8.95797709e-01  3.93500000e-01  8.62975016e-01 
 3.94500000e-01  8.95332736e-01  3.94500000e-01  8.62476007e-01 
 3.95500000e-01  8.95329395e-01  3.95500000e-01  8.62472411e-01 
 3.96500000e-01  8.95787954e-01  3.96500000e-01  8.62964431e-01 
 3.97500000e-01  8.96660405e-01  3.97500000e-01  8.63902250e-01 
 3.98500000e-01  8.97857637e-01  3.98500000e-01  8.65192738e-01 
 3.99500000e-01  8.99260902e-01  3.99500000e-01  8.66710711e-01 
 4.00000000e-01  8.99997329e-01  4.00000000e-01  8.67509816e-01 
 4.00100000e-01  9.00145222e-01  4.00100000e-01  8.67670516e-01 
 4.00300000e-01  9.00440303e-01  4.00300000e-01  8.67991309e-01 
 4.00700000e-01  9.01023912e-01  4.00700000e-01  8.68626714e-01 
 4.01500000e-01  9.02134015e-01  4.01500000e-01  8.69838383e-01 
 4.02500000e-01  9.03326846e-01  4.02500000e-01  8.71145244e-01 
 4.03500000e-01  9.04195708e-01  4.03500000e-01  8.72100400e-01 
 4.04500000e-01  9.04654811e-01  4.04500000e-01  8.72606152e-01 
 4.05500000e-01  9.04658141e-01  4.05500000e-01  8.72609742e-01 
 4.06500000e-01  9.04205434e-01  4.06500000e-01  8.72110875e-01 
 4.07500000e-01  9.03342043e-01  4.07500000e-01  8.71161690e-01 
 4.08500000e-01  9.02153309e-01  4.08500000e-01  8.69859315e-01 
 4.09500000e-01  9.00755061e-01  4.09500000e-01  8.68333795e-01 
 4.10500000e-01  8.99282412e-01  4.10500000e-01  8.66734030e-01 
 4.11500000e-01  8.97877024e-01  4.11500000e-01  8.65213787e-01 
 4.12500000e-01  8.96675702e-01  4.12500000e-01  8.63918836e-01 
 4.13500000e-01  8.95797705e-01  4.13500000e-01  8.62975009e-01 
 4.14500000e-01  8.95332689e-01  4.14500000e-01  8.62476014e-01 
 4.15500000e-01  8.95329394e-01  4.15500000e-01  8.62472405e-01 
 4.16500000e-01  8.95787950e-01  4.16500000e-01  8.62964439e-01 
 4.17500000e-01  8.96660401e-01  4.17500000e-01  8.63902243e-01 
 4.18500000e-01  8.97857649e-01  4.18500000e-01  8.65192744e-01 
 4.19500000e-01  8.99260879e-01  4.19500000e-01  8.66710703e-01 
 4.20500000e-01  9.00733598e-01  4.20500000e-01  8.68310534e-01 
 4.21500000e-01  9.02133952e-01  4.21500000e-01  8.69838436e-01 
 4.22500000e-01  9.03326789e-01  4.22500000e-01  8.71145236e-01 
 4.23500000e-01  9.04195695e-01  4.23500000e-01  8.72100400e-01 
 4.24500000e-01  9.04654797e-01  4.24500000e-01  8.72606152e-01 
 4.25500000e-01  9.04658169e-01  4.25500000e-01  8.72609741e-01 
 4.26500000e-01  9.04205446e-01  4.26500000e-01  8.72110875e-01 
 4.27500000e-01  9.03342042e-01  4.27500000e-01  8.71161691e-01 
 4.28500000e-01  9.02153312e-01  4.28500000e-01  8.69859315e-01 
 4.29500000e-01  9.00755099e-01  4.29500000e-01  8.68333795e-01 
 4.30500000e-01  8.99282389e-01  4.30500000e-01  8.66734030e-01 
 4.31500000e-01  8.97877051e-01  4.31500000e-01  8.65213788e-01 
 4.32500000e-01  8.96675719e-01  4.32500000e-01  8.63918837e-01 
 4.33500000e-01  8.95797689e-01  4.33500000e-01  8.62975009e-01 
 4.34500000e-01  8.95332744e-01  4.34500000e-01  8.62476015e-01 
 4.35500000e-01  8.95329378e-01  4.35500000e-01  8.62472405e-01 
 4.36500000e-01  8.95787959e-01  4.36500000e-01  8.62964439e-01 
 4.37500000e-01  8.96660427e-01  4.37500000e-01  8.63902243e-01 
 4.38500000e-01  8.97857649e-01  4.38500000e-01  8.65192745e-01 
 4.39500000e-01  8.99260890e-01  4.39500000e-01  8.66710703e-01 
 4.40500000e-01  9.00733597e-01  4.40500000e-01  8.68310534e-01 
 4.41500000e-01  9.02133986e-01  4.41500000e-01  8.69838436e-01 
 4.42500000e-01  9.03326798e-01  4.42500000e-01  8.71145236e-01 
 4.43500000e-01  9.04195711e-01  4.43500000e-01  8.72100399e-01 
 4.44500000e-01  9.04654787e-01  4.44500000e-01  8.72606152e-01 
 4.45500000e-01  9.04658129e-01  4.45500000e-01  8.72609742e-01 
 4.46500000e-01  9.04205437e-01  4.46500000e-01  8.72110874e-01 
 4.47500000e-01  9.03342059e-01  4.47500000e-01  8.71161691e-01 
 4.48500000e-01  9.02153289e-01  4.48500000e-01  8.69859314e-01 
 4.49500000e-01  9.00755074e-01  4.49500000e-01  8.68333794e-01 
 4.50500000e-01  8.99282409e-01  4.50500000e-01  8.66734031e-01 
 4.51500000e-01  8.97877076e-01  4.51500000e-01  8.65213787e-01 
 4.52500000e-01  8.96675717e-01  4.52500000e-01  8.63918837e-01 
 4.53500000e-01  8.95797709e-01  4.53500000e-01  8.62975009e-01 
 4.54500000e-01  8.95332718e-01  4.54500000e-01  8.62476015e-01 
 4.55500000e-01  8.95329395e-01  4.55500000e-01  8.62472404e-01 
 4.56500000e-01  8.95787948e-01  4.56500000e-01  8.62964439e-01 
 4.57500000e-01  8.96660396e-01  4.57500000e-01  8.63902243e-01 
 4.58500000e-01  8.97857656e-01  4.58500000e-01  8.65192745e-01 
 4.59500000e-01  8.99260854e-01  4.59500000e-01  8.66710703e-01 
 4.60500000e-01  9.00733595e-01  4.60500000e-01  8.68310533e-01 
 4.61500000e-01  9.02133974e-01  4.61500000e-01  8.69838437e-01 
 4.62500000e-01  9.03326802e-01  4.62500000e-01  8.71145236e-01 
 4.63500000e-01  9.04195672e-01  4.63500000e-01  8.72100399e-01 
 4.64500000e-01  9.04654803e-01  4.64500000e-01  8.72606153e-01 
 4.65500000e-01  9.04658131e-01  4.65500000e-01  8.72609742e-01 
 4.66500000e-01  9.04205452e-01  4.66500000e-01  8.72110876e-01 
 4.67500000e-01  9.03342028e-01  4.67500000e-01  8.71161689e-01 
 4.68500000e-01  9.02153319e-01  4.68500000e-01  8.69859316e-01 
 4.69500000e-01  9.00755101e-01  4.69500000e-01  8.68333794e-01 
 4.70500000e-01  8.99282386e-01  4.70500000e-01  8.66734031e-01 
 4.71500000e-01  8.97877089e-01  4.71500000e-01  8.65213787e-01 
 4.72500000e-01  8.96675712e-01  4.72500000e-01  8.63918837e-01 
 4.73500000e-01  8.95797689e-01  4.73500000e-01  8.62975009e-01 
 4.74500000e-01  8.95332716e-01  4.74500000e-01  8.62476014e-01 
 4.75500000e-01  8.95329385e-01  4.75500000e-01  8.62472404e-01 
 4.76500000e-01  8.95787955e-01  4.76500000e-01  8.62964439e-01 
 4.77500000e-01  8.96660404e-01  4.77500000e-01  8.63902242e-01 
 4.78500000e-01  8.97857662e-01  4.78500000e-01  8.65192745e-01 
 4.79500000e-01  8.99260844e-01  4.79500000e-01  8.66710704e-01 
 4.80000000e-01  8.99997346e-01  4.80000000e-01  8.67509822e-01 
 4.80100000e-01  9.00158483e-01  4.80100000e-01  8.67683805e-01 
 4.80300000e-01  9.00480311e-01  4.80300000e-01  8.68031513e-01 
 4.80700000e-01  9.01117313e-01  4.80700000e-01  8.68720553e-01 
 4.81500000e-01  9.02333282e-01  4.81500000e-01  8.70038673e-01 
 4.82500000e-01  9.03657168e-01  4.82500000e-01  8.71477330e-01 
 4.83500000e-01  9.04656407e-01  4.83500000e-01  8.72563420e-01 
 4.84500000e-01  9.05245724e-01  4.84500000e-01  8.73200152e-01 
 4.85500000e-01  9.05380426e-01  4.85500000e-01  8.73335769e-01 
 4.86500000e-01  9.05061116e-01  4.86500000e-01  8.72970892e-01 
 4.87500000e-01  9.04333539e-01  4.87500000e-01  8.72158237e-01 
 4.88500000e-01  9.03283384e-01  4.88500000e-01  8.70995098e-01 
 4.89500000e-01  9.02026136e-01  4.89500000e-01  8.69611210e-01 
 4.90500000e-01  9.00696161e-01  4.90500000e-01  8.68154820e-01 
 4.91500000e-01  8.99434407e-01  4.91500000e-01  8.66778779e-01 
 4.92500000e-01  8.98376432e-01  4.92500000e-01  8.65627848e-01 
 4.93500000e-01  8.97640557e-01  4.93500000e-01  8.64826794e-01 
 4.94500000e-01  8.97315418e-01  4.94500000e-01  8.64468352e-01 
 4.95500000e-01  8.97448903e-01  4.95500000e-01  8.64602175e-01 
 4.96500000e-01  8.98040371e-01  4.96500000e-01  8.65227842e-01 
 4.97500000e-01  8.99041538e-01  4.97500000e-01  8.66295027e-01 
 4.98500000e-01  9.00363086e-01  4.98500000e-01  8.67710578e-01 
 4.99500000e-01  9.01886642e-01  4.99500000e-01  8.69349586e-01 
 5.00500000e-01  9.03476527e-01  5.00500000e-01  8.71067366e-01 
 5.01500000e-01  9.04992485e-01  5.01500000e-01  8.72711597e-01 
 5.02500000e-01  9.06301375e-01  5.02500000e-01  8.74135176e-01 
 5.03500000e-01  9.07289178e-01  5.03500000e-01  8.75209962e-01 
 5.04500000e-01  9.07872450e-01  5.04500000e-01  8.75840579e-01 
 5.05500000e-01  9.08007059e-01  5.05500000e-01  8.75976122e-01 
 5.06500000e-01  9.07693563e-01  5.06500000e-01  8.75617219e-01 
 5.07500000e-01  9.06977284e-01  5.07500000e-01  8.74815742e-01 
 5.08500000e-01  9.05941954e-01  5.08500000e-01  8.73667504e-01 
 5.09500000e-01  9.04701505e-01  5.09500000e-01  8.72300439e-01 
 5.10500000e-01  9.03388570e-01  5.10500000e-01  8.70860976e-01 
 5.11500000e-01  9.02142207e-01  5.11500000e-01  8.69500366e-01 
 5.12500000e-01  9.01096979e-01  5.12500000e-01  8.68362092e-01 
 5.13500000e-01  9.00370102e-01  5.13500000e-01  8.67569987e-01 
 5.14500000e-01  9.00049632e-01  5.14500000e-01  8.67216175e-01 
 5.15500000e-01  9.00183036e-01  5.15500000e-01  8.67350008e-01 
 5.16500000e-01  9.00769905e-01  5.16500000e-01  8.67971061e-01 
 5.17500000e-01  9.01761970e-01  5.17500000e-01  8.69029301e-01 
 5.18500000e-01  9.03070827e-01  5.18500000e-01  8.70432171e-01 
 5.19500000e-01  9.04578734e-01  5.19500000e-01  8.72055701e-01 
 5.20000000e-01  9.05365643e-01  5.20000000e-01  8.72905692e-01 
 5.20100000e-01  9.05530086e-01  5.20100000e-01  8.73083090e-01 
 5.20300000e-01  9.05858455e-01  5.20300000e-01  8.73437381e-01 
 5.20700000e-01  9.06508263e-01  5.20700000e-01  8.74139433e-01 
 5.21500000e-01  9.07750109e-01  5.21500000e-01  8.75483812e-01 
 5.22500000e-01  9.09109363e-01  5.22500000e-01  8.76958272e-01 
 5.23500000e-01  9.10150867e-01  5.23500000e-01  8.78087158e-01 
 5.24500000e-01  9.10793038e-01  5.24500000e-01  8.78777096e-01 
 5.25500000e-01  9.10993097e-01  5.25500000e-01  8.78978535e-01 
 5.26500000e-01  9.10752212e-01  5.26500000e-01  8.78692557e-01 
 5.27500000e-01  9.10114937e-01  5.27500000e-01  8.77970495e-01 
 5.28500000e-01  9.09163801e-01  5.28500000e-01  8.76906751e-01 
 5.29500000e-01  9.08010676e-01  5.29500000e-01  8.75627307e-01 
 5.30500000e-01  9.06785918e-01  5.30500000e-01  8.74276441e-01 
 5.31500000e-01  9.05626850e-01  5.31500000e-01  8.73003352e-01 
 5.32500000e-01  9.04665905e-01  5.32500000e-01  8.71949723e-01 
 5.33500000e-01  9.04018982e-01  5.33500000e-01  8.71237929e-01 
 5.34500000e-01  9.03773030e-01  5.34500000e-01  8.70958984e-01 
 5.35500000e-01  9.03974751e-01  5.35500000e-01  8.71161496e-01 
 5.36500000e-01  9.04623287e-01  5.36500000e-01  8.71844679e-01 
 5.37500000e-01  9.05670477e-01  5.37500000e-01  8.72958583e-01 
 5.38500000e-01  9.07028543e-01  5.38500000e-01  8.74411202e-01 
 5.39500000e-01  9.08580946e-01  5.39500000e-01  8.76079670e-01 
 5.40500000e-01  9.10195114e-01  5.40500000e-01  8.77822290e-01 
 5.41500000e-01  9.11734719e-01  5.41500000e-01  8.79490713e-01 
 5.42500000e-01  9.13071339e-01  5.42500000e-01  8.80942494e-01 
 5.43500000e-01  9.14095692e-01  5.43500000e-01  8.82054344e-01 
 5.44500000e-01  9.14728593e-01  5.44500000e-01  8.82735046e-01 
 5.45500000e-01  9.14928466e-01  5.45500000e-01  8.82936341e-01 
 5.46500000e-01  9.14696457e-01  5.46500000e-01  8.82659310e-01 
 5.47500000e-01  9.14075867e-01  5.47500000e-01  8.81954025e-01 
 5.48500000e-01  9.13147116e-01  5.48500000e-01  8.80912659e-01 
 5.49500000e-01  9.12019246e-01  5.49500000e-01  8.79658486e-01 
 5.50500000e-01  9.10820005e-01  5.50500000e-01  8.78333054e-01 
 5.51500000e-01  9.09684176e-01  5.51500000e-01  8.77083155e-01 
 5.52500000e-01  9.08742239e-01  5.52500000e-01  8.76048542e-01 
 5.53500000e-01  9.08108812e-01  5.53500000e-01  8.75350187e-01 
 5.54500000e-01  9.07869783e-01  5.54500000e-01  8.75078178e-01 
 5.55500000e-01  9.08071376e-01  5.55500000e-01  8.75280671e-01 
 5.56500000e-01  9.08712856e-01  5.56500000e-01  8.75956872e-01 
 5.57500000e-01  9.09746472e-01  5.57500000e-01  8.77057272e-01 
 5.58500000e-01  9.11085265e-01  5.58500000e-01  8.78490770e-01 
 5.59500000e-01  9.12614107e-01  5.59500000e-01  8.80135897e-01 
 5.60000000e-01  9.13409232e-01  5.60000000e-01  8.80994387e-01 
 5.60100000e-01  9.13555370e-01  5.60100000e-01  8.81153459e-01 
 5.60300000e-01  9.13846612e-01  5.60300000e-01  8.81470520e-01 
 5.60700000e-01  9.14422268e-01  5.60700000e-01  8.82098241e-01 
 5.61500000e-01  9.15517694e-01  5.61500000e-01  8.83295720e-01 
 5.62500000e-01  9.16700639e-01  5.62500000e-01  8.84593310e-01 
 5.63500000e-01  9.17578003e-01  5.63500000e-01  8.85557358e-01 
 5.64500000e-01  9.18071581e-01  5.64500000e-01  8.86098033e-01 
 5.65500000e-01  9.18140230e-01  5.65500000e-01  8.86167363e-01 
 5.66500000e-01  9.17784192e-01  5.66500000e-01  8.85765493e-01 
 5.67500000e-01  9.17044862e-01  5.67500000e-01  8.84940667e-01 
 5.68500000e-01  9.16000207e-01  5.68500000e-01  8.83782643e-01 
 5.69500000e-01  9.14756991e-01  5.69500000e-01  8.82412311e-01 
 5.70500000e-01  9.13440814e-01  5.70500000e-01  8.80969126e-01 
 5.71500000e-01  9.12184922e-01  5.71500000e-01  8.79598396e-01 
 5.72500000e-01  9.11119014e-01  5.72500000e-01  8.78438955e-01 
 5.73500000e-01  9.10357234e-01  5.73500000e-01  8.77611437e-01 
 5.74500000e-01  9.09985515e-01  5.74500000e-01  8.77205992e-01 
 5.75500000e-01  9.10050683e-01  5.75500000e-01  8.77271228e-01 
 5.76500000e-01  9.10552460e-01  5.76500000e-01  8.77807022e-01 
 5.77500000e-01  9.11444132e-01  5.77500000e-01  8.78764768e-01 
 5.78500000e-01  9.12639741e-01  5.78500000e-01  8.80054344e-01 
 5.79500000e-01  9.14025209e-01  5.79500000e-01  8.81555360e-01 
 5.80500000e-01  9.15471091e-01  5.80500000e-01  8.83129054e-01 
 5.81500000e-01  9.16844289e-01  5.81500000e-01  8.84630419e-01 
 5.82500000e-01  9.18019754e-01  5.82500000e-01  8.85920409e-01 
 5.83500000e-01  9.18891379e-01  5.83500000e-01  8.86878781e-01 
 5.84500000e-01  9.19381856e-01  5.84500000e-01  8.87416392e-01 
 5.85500000e-01  9.19450525e-01  5.85500000e-01  8.87485690e-01 
 5.86500000e-01  9.19097458e-01  5.86500000e-01  8.87086831e-01 
 5.87500000e-01  9.18363733e-01  5.87500000e-01  8.86267625e-01 
 5.88500000e-01  9.17326639e-01  5.88500000e-01  8.85117099e-01 
 5.89500000e-01  9.16091866e-01  5.89500000e-01  8.83755229e-01 
 5.90500000e-01  9.14784223e-01  5.90500000e-01  8.82320560e-01 
 5.91500000e-01  9.13536097e-01  5.91500000e-01  8.80957597e-01 
 5.92500000e-01  9.12476640e-01  5.92500000e-01  8.79804531e-01 
 5.93500000e-01  9.11719344e-01  5.93500000e-01  8.78981519e-01 
 5.94500000e-01  9.11350030e-01  5.94500000e-01  8.78578410e-01 
 5.95500000e-01  9.11415140e-01  5.95500000e-01  8.78643654e-01 
 5.96500000e-01  9.11914548e-01  5.96500000e-01  8.79177132e-01 
 5.97500000e-01  9.12801761e-01  5.97500000e-01  8.80130383e-01 
 5.98500000e-01  9.13990942e-01  5.98500000e-01  8.81413590e-01 
 5.99500000e-01  9.15368650e-01  5.99500000e-01  8.82906831e-01 
 6.00000000e-01  9.16088052e-01  6.00000000e-01  8.83689280e-01 
 6.00100000e-01  9.16219089e-01  6.00100000e-01  8.83833175e-01 
 6.00300000e-01  9.16480132e-01  6.00300000e-01  8.84119909e-01 
 6.00700000e-01  9.16995646e-01  6.00700000e-01  8.84687164e-01 
 6.01500000e-01  9.17971836e-01  6.01500000e-01  8.85764835e-01 
 6.02500000e-01  9.19008975e-01  6.02500000e-01  8.86915787e-01 
 6.03500000e-01  9.19745013e-01  6.03500000e-01  8.87737782e-01 
 6.04500000e-01  9.20102558e-01  6.04500000e-01  8.88141587e-01 
 6.05500000e-01  9.20040197e-01  6.05500000e-01  8.88079059e-01 
 6.06500000e-01  9.19557184e-01  6.06500000e-01  8.87549440e-01 
 6.07500000e-01  9.18693601e-01  6.07500000e-01  8.86599526e-01 
 6.08500000e-01  9.17525723e-01  6.08500000e-01  8.85317444e-01 
 6.09500000e-01  9.16158815e-01  6.09500000e-01  8.83822566e-01 
 6.10500000e-01  9.14717235e-01  6.10500000e-01  8.82253192e-01 
 6.11500000e-01  9.13333707e-01  6.11500000e-01  8.80753930e-01 
 6.12500000e-01  9.12137447e-01  6.12500000e-01  8.79463355e-01 
 6.13500000e-01  9.11242799e-01  6.13500000e-01  8.78502212e-01 
 6.14500000e-01  9.10736202e-01  6.14500000e-01  8.77961046e-01 
 6.15500000e-01  9.10664860e-01  6.15500000e-01  8.77889045e-01 
 6.16500000e-01  9.11029427e-01  6.16500000e-01  8.78286783e-01 
 6.17500000e-01  9.11783742e-01  6.17500000e-01  8.79106388e-01 
 6.18500000e-01  9.12842595e-01  6.18500000e-01  8.80258441e-01 
 6.19500000e-01  9.14092571e-01  6.19500000e-01  8.81623136e-01 
 6.20500000e-01  9.15404537e-01  6.20500000e-01  8.83062098e-01 
 6.21500000e-01  9.16645535e-01  6.21500000e-01  8.84430434e-01 
 6.22500000e-01  9.17690156e-01  6.22500000e-01  8.85588850e-01 
 6.23500000e-01  9.18431896e-01  6.23500000e-01  8.86416501e-01 
 6.24500000e-01  9.18792516e-01  6.24500000e-01  8.86823353e-01 
 6.25500000e-01  9.18730080e-01  6.25500000e-01  8.86760830e-01 
 6.26500000e-01  9.18244013e-01  6.26500000e-01  8.86228181e-01 
 6.27500000e-01  9.17374754e-01  6.27500000e-01  8.85272621e-01 
 6.28500000e-01  9.16199359e-01  6.28500000e-01  8.83983020e-01 
 6.29500000e-01  9.14823934e-01  6.29500000e-01  8.82479659e-01 
 6.30500000e-01  9.13373814e-01  6.30500000e-01  8.80901746e-01 
 6.31500000e-01  9.11982397e-01  6.31500000e-01  8.79394697e-01 
 6.32500000e-01  9.10779760e-01  6.32500000e-01  8.78097730e-01 
 6.33500000e-01  9.09880554e-01  6.33500000e-01  8.77132064e-01 
 6.34500000e-01  9.09371576e-01  6.34500000e-01  8.76588543e-01 
 6.35500000e-01  9.09300211e-01  6.35500000e-01  8.76516512e-01 
 6.36500000e-01  9.09667054e-01  6.36500000e-01  8.76916546e-01 
 6.37500000e-01  9.10425906e-01  6.37500000e-01  8.77740626e-01 
 6.38500000e-01  9.11491128e-01  6.38500000e-01  8.78899024e-01 
 6.39500000e-01  9.12748869e-01  6.39500000e-01  8.80271473e-01 
 6.40000000e-01  9.13409617e-01  6.40000000e-01  8.80994779e-01 
 6.40100000e-01  9.13528958e-01  6.40100000e-01  8.81126920e-01 
 6.40300000e-01  9.13766735e-01  6.40300000e-01  8.81390217e-01 
 6.40700000e-01  9.14235969e-01  6.40700000e-01  8.81910820e-01 
 6.41500000e-01  9.15119963e-01  6.41500000e-01  8.82895676e-01 
 6.42500000e-01  9.16041445e-01  6.42500000e-01  8.83930069e-01 
 6.43500000e-01  9.16658707e-01  6.43500000e-01  8.84632619e-01 
 6.44500000e-01  9.16892360e-01  6.44500000e-01  8.84911710e-01 
 6.45500000e-01  9.16698925e-01  6.45500000e-01  8.84717334e-01 
 6.46500000e-01  9.16076808e-01  6.46500000e-01  8.84047820e-01 
 6.47500000e-01  9.15066253e-01  6.47500000e-01  8.82950210e-01 
 6.48500000e-01  9.13744964e-01  6.48500000e-01  8.81513975e-01 
 6.49500000e-01  9.12220173e-01  6.49500000e-01  8.79860592e-01 
 6.50500000e-01  9.10618952e-01  6.50500000e-01  8.78130855e-01 
 6.51500000e-01  9.09076260e-01  6.51500000e-01  8.76471888e-01 
 6.52500000e-01  9.07723938e-01  6.52500000e-01  8.75024583e-01 
 6.53500000e-01  9.06678254e-01  6.53500000e-01  8.73911682e-01 
 6.54500000e-01  9.06027113e-01  6.54500000e-01  8.73225333e-01 
 6.55500000e-01  9.05819115e-01  6.55500000e-01  8.73015922e-01 
 6.56500000e-01  9.06055454e-01  6.56500000e-01  8.73284726e-01 
 6.57500000e-01  9.06690313e-01  6.57500000e-01  8.73984007e-01 
 6.58500000e-01  9.07637818e-01  6.58500000e-01  8.75023835e-01 
 6.59500000e-01  9.08783214e-01  6.59500000e-01  8.76283116e-01 
 6.60500000e-01  9.09995275e-01  6.60500000e-01  8.77621303e-01 
 6.61500000e-01  9.11137818e-01  6.61500000e-01  8.78890385e-01 
 6.62500000e-01  9.12081616e-01  6.62500000e-01  8.79947184e-01 
 6.63500000e-01  9.12715903e-01  6.63500000e-01  8.80666618e-01 
 6.64500000e-01  9.12958502e-01  6.64500000e-01  8.80954771e-01 
 6.65500000e-01  9.12764923e-01  6.65500000e-01  8.80760357e-01 
 6.66500000e-01  9.12133621e-01  6.66500000e-01  8.80081705e-01 
 6.67500000e-01  9.11105977e-01  6.67500000e-01  8.78967133e-01 
 6.68500000e-01  9.09762057e-01  6.68500000e-01  8.77508334e-01 
 6.69500000e-01  9.08211767e-01  6.69500000e-01  8.75829500e-01 
 6.70500000e-01  9.06584695e-01  6.70500000e-01  8.74074160e-01 
 6.71500000e-01  9.05018580e-01  6.71500000e-01  8.72391844e-01 
 6.72500000e-01  9.03646939e-01  6.72500000e-01  8.70925370e-01 
 6.73500000e-01  9.02587469e-01  6.73500000e-01  8.69798880e-01 
 6.74500000e-01  9.01929174e-01  6.74500000e-01  8.69105445e-01 
 6.75500000e-01  9.01720988e-01  6.75500000e-01  8.68895900e-01 
 6.76500000e-01  9.01964151e-01  6.76500000e-01  8.69171521e-01 
 6.77500000e-01  9.02612376e-01  6.77500000e-01  8.69884131e-01 
 6.78500000e-01  9.03578833e-01  6.78500000e-01  8.70942890e-01 
 6.79500000e-01  9.04747405e-01  6.79500000e-01  8.72225307e-01 
 6.80000000e-01  9.05366115e-01  6.80000000e-01  8.72906183e-01 
 6.80100000e-01  9.05502740e-01  6.80100000e-01  8.73055581e-01 
 6.80300000e-01  9.05775667e-01  6.80300000e-01  8.73354136e-01 
 6.80700000e-01  9.06314995e-01  6.80700000e-01  8.73945155e-01 
 6.81500000e-01  9.07337648e-01  6.81500000e-01  8.75069127e-01 
 6.82500000e-01  9.08425565e-01  6.82500000e-01  8.76270750e-01 
 6.83500000e-01  9.09197424e-01  6.83500000e-01  8.77128562e-01 
 6.84500000e-01  9.09569977e-01  6.84500000e-01  8.77547346e-01 
 6.85500000e-01  9.09498288e-01  6.85500000e-01  8.77475449e-01 
 6.86500000e-01  9.08981477e-01  6.86500000e-01  8.76912071e-01 
 6.87500000e-01  9.08062940e-01  6.87500000e-01  8.75907317e-01 
 6.88500000e-01  9.06825026e-01  6.88500000e-01  8.74555280e-01 
 6.89500000e-01  9.05380053e-01  6.89500000e-01  8.72982553e-01 
 6.90500000e-01  9.03859867e-01  6.90500000e-01  8.71334796e-01 
 6.91500000e-01  9.02403610e-01  6.91500000e-01  8.69763084e-01 
 6.92500000e-01  9.01145862e-01  6.92500000e-01  8.68411227e-01 
 6.93500000e-01  9.00204651e-01  6.93500000e-01  8.67403768e-01 
 6.94500000e-01  8.99669186e-01  6.94500000e-01  8.66833795e-01 
 6.95500000e-01  8.99587795e-01  6.95500000e-01  8.66751740e-01 
 6.96500000e-01  8.99961179e-01  6.96500000e-01  8.67158270e-01 
 6.97500000e-01  9.00742227e-01  6.97500000e-01  8.68004334e-01 
 6.98500000e-01  9.01843075e-01  6.98500000e-01  8.69198127e-01 
 6.99500000e-01  9.03146572e-01  6.99500000e-01  8.70616054e-01 
 7.00500000e-01  9.04518289e-01  7.00500000e-01  8.72114587e-01 
 7.01500000e-01  9.05818840e-01  7.01500000e-01  8.73542263e-01 
 7.02500000e-01  9.06915287e-01  7.02500000e-01  8.74752385e-01 
 7.03500000e-01  9.07693694e-01  7.03500000e-01  8.75616639e-01 
 7.04500000e-01  9.08069696e-01  7.04500000e-01  8.76038888e-01 
 7.05500000e-01  9.07997950e-01  7.05500000e-01  8.75967000e-01 
 7.06500000e-01  9.07477626e-01  7.06500000e-01  8.75400175e-01 
 7.07500000e-01  9.06552733e-01  7.07500000e-01  8.74388998e-01 
 7.08500000e-01  9.05306202e-01  7.08500000e-01  8.73028406e-01 
 7.09500000e-01  9.03851569e-01  7.09500000e-01  8.71446030e-01 
 7.10500000e-01  9.02321631e-01  7.10500000e-01  8.69788568e-01 
 7.11500000e-01  9.00856467e-01  7.11500000e-01  8.68208005e-01 
 7.12500000e-01  8.99591385e-01  7.12500000e-01  8.66848883e-01 
 7.13500000e-01  8.98645062e-01  7.13500000e-01  8.65836282e-01 
 7.14500000e-01  8.98106772e-01  7.14500000e-01  8.65263634e-01 
 7.15500000e-01  8.98025442e-01  7.15500000e-01  8.65181549e-01 
 7.16500000e-01  8.98401444e-01  7.16500000e-01  8.65590688e-01 
 7.17500000e-01  8.99187552e-01  7.17500000e-01  8.66441835e-01 
 7.18500000e-01  9.00295693e-01  7.18500000e-01  8.67642840e-01 
 7.19500000e-01  9.01607994e-01  7.19500000e-01  8.69069586e-01 
 7.20500000e-01  9.02989479e-01  7.20500000e-01  8.70577800e-01 
 7.21500000e-01  9.04299606e-01  7.21500000e-01  8.72015114e-01 
 7.22500000e-01  9.05404622e-01  7.22500000e-01  8.73233789e-01 
 7.23500000e-01  9.06189495e-01  7.23500000e-01  8.74104479e-01 
 7.24500000e-01  9.06568884e-01  7.24500000e-01  8.74530191e-01 
 7.25500000e-01  9.06497165e-01  7.25500000e-01  8.74458311e-01 
 7.26500000e-01  9.05973493e-01  7.26500000e-01  8.73888042e-01 
 7.27500000e-01  9.05042084e-01  7.27500000e-01  8.72870444e-01 
 7.28500000e-01  9.03786951e-01  7.28500000e-01  8.71501306e-01 
 7.29500000e-01  9.02322654e-01  7.29500000e-01  8.69909287e-01 
 7.30500000e-01  9.00782990e-01  7.30500000e-01  8.68242123e-01 
 7.31500000e-01  8.99308943e-01  7.31500000e-01  8.66652718e-01 
 7.32500000e-01  8.98036609e-01  7.32500000e-01  8.65286338e-01 
 7.33500000e-01  8.97085015e-01  7.33500000e-01  8.64268601e-01 
 7.34500000e-01  8.96544137e-01  7.34500000e-01  8.63693282e-01 
 7.35500000e-01  8.96462647e-01  7.35500000e-01  8.63611162e-01 
 7.36500000e-01  8.96841307e-01  7.36500000e-01  8.64022912e-01 
 7.37500000e-01  8.97632575e-01  7.37500000e-01  8.64879137e-01 
 7.38500000e-01  8.98747926e-01  7.38500000e-01  8.66087355e-01 
 7.39500000e-01  9.00069043e-01  7.39500000e-01  8.67522904e-01 
 7.40500000e-01  9.01460215e-01  7.40500000e-01  8.69040798e-01 
 7.41500000e-01  9.02780069e-01  7.41500000e-01  8.70487743e-01 
 7.42500000e-01  9.03893625e-01  7.42500000e-01  8.71714967e-01 
 7.43500000e-01  9.04684843e-01  7.43500000e-01  8.72592087e-01 
 7.44500000e-01  9.05067810e-01  7.44500000e-01  8.73021261e-01 
 7.45500000e-01  9.04996038e-01  7.45500000e-01  8.72949391e-01 
 7.46500000e-01  9.04468886e-01  7.46500000e-01  8.72375676e-01 
 7.47500000e-01  9.03531036e-01  7.47500000e-01  8.71351663e-01 
 7.48500000e-01  9.02267385e-01  7.48500000e-01  8.69973985e-01 
 7.49500000e-01  9.00793448e-01  7.49500000e-01  8.68372333e-01 
 7.50000000e-01  9.00019351e-01  7.50000000e-01  8.67533614e-01 
 7.50100000e-01  8.99871322e-01  7.50100000e-01  8.67372945e-01 
 7.50300000e-01  8.99576095e-01  7.50300000e-01  8.67052481e-01 
 7.50700000e-01  8.98991427e-01  7.50700000e-01  8.66418729e-01 
 7.51500000e-01  8.97877042e-01  7.51500000e-01  8.65213733e-01 
 7.52500000e-01  8.96675674e-01  7.52500000e-01  8.63918840e-01 
 7.53500000e-01  8.95797686e-01  7.53500000e-01  8.62975005e-01 
 7.54500000e-01  8.95332719e-01  7.54500000e-01  8.62476018e-01 
 7.55500000e-01  8.95329432e-01  7.55500000e-01  8.62472401e-01 
 7.56500000e-01  8.95787964e-01  7.56500000e-01  8.62964443e-01 
 7.57500000e-01  8.96660411e-01  7.57500000e-01  8.63902240e-01 
 7.58500000e-01  8.97857640e-01  7.58500000e-01  8.65192748e-01 
 7.59500000e-01  8.99260858e-01  7.59500000e-01  8.66710701e-01 
 7.60500000e-01  9.00733581e-01  7.60500000e-01  8.68310537e-01 
 7.61500000e-01  9.02133944e-01  7.61500000e-01  8.69838432e-01 
 7.62500000e-01  9.03326786e-01  7.62500000e-01  8.71145240e-01 
 7.63500000e-01  9.04195682e-01  7.63500000e-01  8.72100395e-01 
 7.64500000e-01  9.04654803e-01  7.64500000e-01  8.72606156e-01 
 7.65500000e-01  9.04658143e-01  7.65500000e-01  8.72609739e-01 
 7.66500000e-01  9.04205442e-01  7.66500000e-01  8.72110879e-01 
 7.67500000e-01  9.03342072e-01  7.67500000e-01  8.71161686e-01 
 7.68500000e-01  9.02153317e-01  7.68500000e-01  8.69859319e-01 
 7.69500000e-01  9.00755077e-01  7.69500000e-01  8.68333791e-01 
 7.70500000e-01  8.99282435e-01  7.70500000e-01  8.66734033e-01 
 7.71500000e-01  8.97877070e-01  7.71500000e-01  8.65213785e-01 
 7.72500000e-01  8.96675718e-01  7.72500000e-01  8.63918840e-01 
 7.73500000e-01  8.95797700e-01  7.73500000e-01  8.62975006e-01 
 7.74500000e-01  8.95332708e-01  7.74500000e-01  8.62476018e-01 
 7.75500000e-01  8.95329401e-01  7.75500000e-01  8.62472402e-01 
 7.76500000e-01  8.95787967e-01  7.76500000e-01  8.62964443e-01 
 7.77500000e-01  8.96660388e-01  7.77500000e-01  8.63902240e-01 
 7.78500000e-01  8.97857687e-01  7.78500000e-01  8.65192749e-01 
 7.79500000e-01  8.99260862e-01  7.79500000e-01  8.66710701e-01 
 7.80500000e-01  9.00733580e-01  7.80500000e-01  8.68310538e-01 
 7.81500000e-01  9.02133964e-01  7.81500000e-01  8.69838433e-01 
 7.82500000e-01  9.03326791e-01  7.82500000e-01  8.71145240e-01 
 7.83500000e-01  9.04195697e-01  7.83500000e-01  8.72100396e-01 
 7.84500000e-01  9.04654816e-01  7.84500000e-01  8.72606155e-01 
 7.85500000e-01  9.04658138e-01  7.85500000e-01  8.72609739e-01 
 7.86500000e-01  9.04205428e-01  7.86500000e-01  8.72110879e-01 
 7.87500000e-01  9.03342061e-01  7.87500000e-01  8.71161687e-01 
 7.88500000e-01  9.02153313e-01  7.88500000e-01  8.69859318e-01 
 7.89500000e-01  9.00755063e-01  7.89500000e-01  8.68333791e-01 
 7.90500000e-01  8.99282397e-01  7.90500000e-01  8.66734034e-01 
 7.91500000e-01  8.97877079e-01  7.91500000e-01  8.65213785e-01 
 7.92500000e-01  8.96675707e-01  7.92500000e-01  8.63918840e-01 
 7.93500000e-01  8.95797703e-01  7.93500000e-01  8.62975006e-01 
 7.94500000e-01  8.95332728e-01  7.94500000e-01  8.62476018e-01 
 7.95500000e-01  8.95329409e-01  7.95500000e-01  8.62472401e-01 
 7.96500000e-01  8.95787975e-01  7.96500000e-01  8.62964443e-01 
 7.97500000e-01  8.96660393e-01  7.97500000e-01  8.63902240e-01 
 7.98500000e-01  8.97857656e-01  7.98500000e-01  8.65192748e-01 
 7.99500000e-01  8.99260856e-01  7.99500000e-01  8.66710701e-01 
 8.00500000e-01  9.00733608e-01  8.00500000e-01  8.68310538e-01 
 8.01500000e-01  9.02133945e-01  8.01500000e-01  8.69838432e-01 
 8.02500000e-01  9.03326791e-01  8.02500000e-01  8.71145240e-01 
 8.03500000e-01  9.04195715e-01  8.03500000e-01  8.72100396e-01 
 8.04500000e-01  9.04654818e-01  8.04500000e-01  8.72606156e-01 
 8.05500000e-01  9.04658100e-01  8.05500000e-01  8.72609739e-01 
 8.06500000e-01  9.04205434e-01  8.06500000e-01  8.72110879e-01 
 8.07500000e-01  9.03342052e-01  8.07500000e-01  8.71161686e-01 
 8.08500000e-01  9.02153312e-01  8.08500000e-01  8.69859318e-01 
 8.09500000e-01  9.00755071e-01  8.09500000e-01  8.68333791e-01 
 8.10500000e-01  8.99282409e-01  8.10500000e-01  8.66734033e-01 
 8.11500000e-01  8.97877052e-01  8.11500000e-01  8.65213784e-01 
 8.12500000e-01  8.96675731e-01  8.12500000e-01  8.63918840e-01 
 8.13500000e-01  8.95797699e-01  8.13500000e-01  8.62975007e-01 
 8.14500000e-01  8.95332715e-01  8.14500000e-01  8.62476018e-01 
 8.15500000e-01  8.95329401e-01  8.15500000e-01  8.62472401e-01 
 8.16500000e-01  8.95787954e-01  8.16500000e-01  8.62964443e-01 
 8.17500000e-01  8.96660402e-01  8.17500000e-01  8.63902239e-01 
 8.18500000e-01  8.97857641e-01  8.18500000e-01  8.65192749e-01 
 8.19500000e-01  8.99260848e-01  8.19500000e-01  8.66710702e-01 
 8.20500000e-01  9.00733614e-01  8.20500000e-01  8.68310537e-01 
 8.21500000e-01  9.02133958e-01  8.21500000e-01  8.69838433e-01 
 8.22500000e-01  9.03326795e-01  8.22500000e-01  8.71145240e-01 
 8.23500000e-01  9.04195681e-01  8.23500000e-01  8.72100396e-01 
 8.24500000e-01  9.04654801e-01  8.24500000e-01  8.72606155e-01 
 8.25500000e-01  9.04658114e-01  8.25500000e-01  8.72609738e-01 
 8.26500000e-01  9.04205419e-01  8.26500000e-01  8.72110879e-01 
 8.27500000e-01  9.03342047e-01  8.27500000e-01  8.71161687e-01 
 8.28500000e-01  9.02153303e-01  8.28500000e-01  8.69859318e-01 
 8.29500000e-01  9.00755078e-01  8.29500000e-01  8.68333791e-01 
 8.30500000e-01  8.99282392e-01  8.30500000e-01  8.66734033e-01 
 8.31500000e-01  8.97877078e-01  8.31500000e-01  8.65213785e-01 
 8.32500000e-01  8.96675730e-01  8.32500000e-01  8.63918840e-01 
 8.33500000e-01  8.95797672e-01  8.33500000e-01  8.62975006e-01 
 8.34500000e-01  8.95332743e-01  8.34500000e-01  8.62476017e-01 
 8.35500000e-01  8.95329397e-01  8.35500000e-01  8.62472401e-01 
 8.36500000e-01  8.95787972e-01  8.36500000e-01  8.62964443e-01 
 8.37500000e-01  8.96660394e-01  8.37500000e-01  8.63902239e-01 
 8.38500000e-01  8.97857669e-01  8.38500000e-01  8.65192748e-01 
 8.39500000e-01  8.99260841e-01  8.39500000e-01  8.66710701e-01 
 8.40500000e-01  9.00733594e-01  8.40500000e-01  8.68310537e-01 
 8.41500000e-01  9.02133943e-01  8.41500000e-01  8.69838433e-01 
 8.42500000e-01  9.03326805e-01  8.42500000e-01  8.71145240e-01 
 8.43500000e-01  9.04195707e-01  8.43500000e-01  8.72100396e-01 
 8.44500000e-01  9.04654832e-01  8.44500000e-01  8.72606155e-01 
 8.45500000e-01  9.04658153e-01  8.45500000e-01  8.72609738e-01 
 8.46500000e-01  9.04205452e-01  8.46500000e-01  8.72110879e-01 
 8.47500000e-01  9.03342018e-01  8.47500000e-01  8.71161687e-01 
 8.48500000e-01  9.02153296e-01  8.48500000e-01  8.69859318e-01 
 8.49500000e-01  9.00755106e-01  8.49500000e-01  8.68333791e-01 
 8.50500000e-01  8.99282423e-01  8.50500000e-01  8.66734033e-01 
 8.51500000e-01  8.97877049e-01  8.51500000e-01  8.65213784e-01 
 8.52500000e-01  8.96675715e-01  8.52500000e-01  8.63918839e-01 
 8.53500000e-01  8.95797682e-01  8.53500000e-01  8.62975006e-01 
 8.54500000e-01  8.95332736e-01  8.54500000e-01  8.62476017e-01 
 8.55500000e-01  8.95329387e-01  8.55500000e-01  8.62472401e-01 
 8.56500000e-01  8.95787967e-01  8.56500000e-01  8.62964442e-01 
 8.57500000e-01  8.96660405e-01  8.57500000e-01  8.63902239e-01 
 8.58500000e-01  8.97857689e-01  8.58500000e-01  8.65192749e-01 
 8.59500000e-01  8.99260857e-01  8.59500000e-01  8.66710702e-01 
 8.60500000e-01  9.00733605e-01  8.60500000e-01  8.68310537e-01 
 8.61500000e-01  9.02133972e-01  8.61500000e-01  8.69838433e-01 
 8.62500000e-01  9.03326814e-01  8.62500000e-01  8.71145240e-01 
 8.63500000e-01  9.04195699e-01  8.63500000e-01  8.72100396e-01 
 8.64500000e-01  9.04654782e-01  8.64500000e-01  8.72606155e-01 
 8.65500000e-01  9.04658121e-01  8.65500000e-01  8.72609739e-01 
 8.66500000e-01  9.04205434e-01  8.66500000e-01  8.72110879e-01 
 8.67500000e-01  9.03342024e-01  8.67500000e-01  8.71161687e-01 
 8.68500000e-01  9.02153318e-01  8.68500000e-01  8.69859318e-01 
 8.69500000e-01  9.00755089e-01  8.69500000e-01  8.68333791e-01 
 8.70500000e-01  8.99282421e-01  8.70500000e-01  8.66734033e-01 
 8.71500000e-01  8.97877096e-01  8.71500000e-01  8.65213784e-01 
 8.72500000e-01  8.96675743e-01  8.72500000e-01  8.63918840e-01 
 8.73500000e-01  8.95797697e-01  8.73500000e-01  8.62975006e-01 
 8.74500000e-01  8.95332743e-01  8.74500000e-01  8.62476018e-01 
 8.75500000e-01  8.95329402e-01  8.75500000e-01  8.62472401e-01 
 8.76500000e-01  8.95787949e-01  8.76500000e-01  8.62964443e-01 
 8.77500000e-01  8.96660387e-01  8.77500000e-01  8.63902240e-01 
 8.78500000e-01  8.97857644e-01  8.78500000e-01  8.65192748e-01 
 8.79500000e-01  8.99260874e-01  8.79500000e-01  8.66710701e-01 
 8.80500000e-01  9.00733619e-01  8.80500000e-01  8.68310537e-01 
 8.81500000e-01  9.02133950e-01  8.81500000e-01  8.69838433e-01 
 8.82500000e-01  9.03326799e-01  8.82500000e-01  8.71145240e-01 
 8.83500000e-01  9.04195701e-01  8.83500000e-01  8.72100396e-01 
 8.84500000e-01  9.04654788e-01  8.84500000e-01  8.72606155e-01 
 8.85500000e-01  9.04658141e-01  8.85500000e-01  8.72609739e-01 
 8.86500000e-01  9.04205447e-01  8.86500000e-01  8.72110879e-01 
 8.87500000e-01  9.03342034e-01  8.87500000e-01  8.71161687e-01 
 8.88500000e-01  9.02153328e-01  8.88500000e-01  8.69859318e-01 
 8.89500000e-01  9.00755076e-01  8.89500000e-01  8.68333791e-01 
 8.90500000e-01  8.99282424e-01  8.90500000e-01  8.66734033e-01 
 8.91500000e-01  8.97877038e-01  8.91500000e-01  8.65213784e-01 
 8.92500000e-01  8.96675728e-01  8.92500000e-01  8.63918840e-01 
 8.93500000e-01  8.95797706e-01  8.93500000e-01  8.62975006e-01 
 8.94500000e-01  8.95332741e-01  8.94500000e-01  8.62476017e-01 
 8.95500000e-01  8.95329404e-01  8.95500000e-01  8.62472401e-01 
 8.96500000e-01  8.95787968e-01  8.96500000e-01  8.62964443e-01 
 8.97500000e-01  8.96660373e-01  8.97500000e-01  8.63902240e-01 
 8.98500000e-01  8.97857668e-01  8.98500000e-01  8.65192748e-01 
 8.99500000e-01  8.99260859e-01  8.99500000e-01  8.66710702e-01 
 9.00500000e-01  9.00733605e-01  9.00500000e-01  8.68310537e-01 
 9.01500000e-01  9.02133982e-01  9.01500000e-01  8.69838433e-01 
 9.02500000e-01  9.03326806e-01  9.02500000e-01  8.71145239e-01 
 9.03500000e-01  9.04195718e-01  9.03500000e-01  8.72100396e-01 
 9.04500000e-01  9.04654800e-01  9.04500000e-01  8.72606155e-01 
 9.05500000e-01  9.04658144e-01  9.05500000e-01  8.72609739e-01 
 9.06500000e-01  9.04205442e-01  9.06500000e-01  8.72110878e-01 
 9.07500000e-01  9.03342029e-01  9.07500000e-01  8.71161687e-01 
 9.08500000e-01  9.02153299e-01  9.08500000e-01  8.69859318e-01 
 9.09500000e-01  9.00755070e-01  9.09500000e-01  8.68333791e-01 
 9.10500000e-01  8.99282390e-01  9.10500000e-01  8.66734033e-01 
 9.11500000e-01  8.97877085e-01  9.11500000e-01  8.65213785e-01 
 9.12500000e-01  8.96675760e-01  9.12500000e-01  8.63918839e-01 
 9.13500000e-01  8.95797665e-01  9.13500000e-01  8.62975006e-01 
 9.14500000e-01  8.95332709e-01  9.14500000e-01  8.62476017e-01 
 9.15500000e-01  8.95329381e-01  9.15500000e-01  8.62472401e-01 
 9.16500000e-01  8.95787977e-01  9.16500000e-01  8.62964443e-01 
 9.17500000e-01  8.96660412e-01  9.17500000e-01  8.63902240e-01 
 9.18500000e-01  8.97857658e-01  9.18500000e-01  8.65192748e-01 
 9.19500000e-01  8.99260857e-01  9.19500000e-01  8.66710701e-01 
 9.20500000e-01  9.00733600e-01  9.20500000e-01  8.68310537e-01 
 9.21500000e-01  9.02133957e-01  9.21500000e-01  8.69838433e-01 
 9.22500000e-01  9.03326785e-01  9.22500000e-01  8.71145239e-01 
 9.23500000e-01  9.04195701e-01  9.23500000e-01  8.72100396e-01 
 9.24500000e-01  9.04654801e-01  9.24500000e-01  8.72606154e-01 
 9.25500000e-01  9.04658146e-01  9.25500000e-01  8.72609739e-01 
 9.26500000e-01  9.04205445e-01  9.26500000e-01  8.72110879e-01 
 9.27500000e-01  9.03342052e-01  9.27500000e-01  8.71161687e-01 
 9.28500000e-01  9.02153300e-01  9.28500000e-01  8.69859317e-01 
 9.29500000e-01  9.00755086e-01  9.29500000e-01  8.68333792e-01 
 9.30500000e-01  8.99282387e-01  9.30500000e-01  8.66734033e-01 
 9.31500000e-01  8.97877074e-01  9.31500000e-01  8.65213785e-01 
 9.32500000e-01  8.96675692e-01  9.32500000e-01  8.63918839e-01 
 9.33500000e-01  8.95797694e-01  9.33500000e-01  8.62975006e-01 
 9.34500000e-01  8.95332713e-01  9.34500000e-01  8.62476017e-01 
 9.35500000e-01  8.95329392e-01  9.35500000e-01  8.62472402e-01 
 9.36500000e-01  8.95787967e-01  9.36500000e-01  8.62964441e-01 
 9.37500000e-01  8.96660387e-01  9.37500000e-01  8.63902240e-01 
 9.38500000e-01  8.97857671e-01  9.38500000e-01  8.65192748e-01 
 9.39500000e-01  8.99260851e-01  9.39500000e-01  8.66710701e-01 
 9.40500000e-01  9.00733574e-01  9.40500000e-01  8.68310537e-01 
 9.41500000e-01  9.02133977e-01  9.41500000e-01  8.69838433e-01 
 9.42500000e-01  9.03326804e-01  9.42500000e-01  8.71145240e-01 
 9.43500000e-01  9.04195709e-01  9.43500000e-01  8.72100397e-01 
 9.44500000e-01  9.04654787e-01  9.44500000e-01  8.72606155e-01 
 9.45500000e-01  9.04658141e-01  9.45500000e-01  8.72609739e-01 
 9.46500000e-01  9.04205430e-01  9.46500000e-01  8.72110879e-01 
 9.47500000e-01  9.03342074e-01  9.47500000e-01  8.71161687e-01 
 9.48500000e-01  9.02153318e-01  9.48500000e-01  8.69859318e-01 
 9.49500000e-01  9.00755076e-01  9.49500000e-01  8.68333792e-01 
 9.50500000e-01  8.99282394e-01  9.50500000e-01  8.66734033e-01 
 9.51500000e-01  8.97877097e-01  9.51500000e-01  8.65213785e-01 
 9.52500000e-01  8.96675740e-01  9.52500000e-01  8.63918839e-01 
 9.53500000e-01  8.95797661e-01  9.53500000e-01  8.62975006e-01 
 9.54500000e-01  8.95332736e-01  9.54500000e-01  8.62476017e-01 
 9.55500000e-01  8.95329407e-01  9.55500000e-01  8.62472402e-01 
 9.56500000e-01  8.95787972e-01  9.56500000e-01  8.62964442e-01 
 9.57500000e-01  8.96660446e-01  9.57500000e-01  8.63902240e-01 
 9.58500000e-01  8.97857656e-01  9.58500000e-01  8.65192747e-01 
 9.59500000e-01  8.99260870e-01  9.59500000e-01  8.66710702e-01 
 9.60500000e-01  9.00733615e-01  9.60500000e-01  8.68310537e-01 
 9.61500000e-01  9.02133943e-01  9.61500000e-01  8.69838433e-01 
 9.62500000e-01  9.03326788e-01  9.62500000e-01  8.71145239e-01 
 9.63500000e-01  9.04195712e-01  9.63500000e-01  8.72100396e-01 
 9.64500000e-01  9.04654787e-01  9.64500000e-01  8.72606154e-01 
 9.65500000e-01  9.04658133e-01  9.65500000e-01  8.72609739e-01 
 9.66500000e-01  9.04205437e-01  9.66500000e-01  8.72110878e-01 
 9.67500000e-01  9.03342040e-01  9.67500000e-01  8.71161688e-01 
 9.68500000e-01  9.02153280e-01  9.68500000e-01  8.69859318e-01 
 9.69500000e-01  9.00755063e-01  9.69500000e-01  8.68333792e-01 
 9.70500000e-01  8.99282386e-01  9.70500000e-01  8.66734033e-01 
 9.71500000e-01  8.97877086e-01  9.71500000e-01  8.65213785e-01 
 9.72500000e-01  8.96675720e-01  9.72500000e-01  8.63918840e-01 
 9.73500000e-01  8.95797677e-01  9.73500000e-01  8.62975006e-01 
 9.74500000e-01  8.95332706e-01  9.74500000e-01  8.62476017e-01 
 9.75500000e-01  8.95329413e-01  9.75500000e-01  8.62472402e-01 
 9.76500000e-01  8.95787947e-01  9.76500000e-01  8.62964442e-01 
 9.77500000e-01  8.96660391e-01  9.77500000e-01  8.63902240e-01 
 9.78500000e-01  8.97857686e-01  9.78500000e-01  8.65192748e-01 
 9.79500000e-01  8.99260840e-01  9.79500000e-01  8.66710702e-01 
 9.80500000e-01  9.00733586e-01  9.80500000e-01  8.68310537e-01 
 9.81500000e-01  9.02133984e-01  9.81500000e-01  8.69838433e-01 
 9.82500000e-01  9.03326769e-01  9.82500000e-01  8.71145239e-01 
 9.83500000e-01  9.04195698e-01  9.83500000e-01  8.72100396e-01 
 9.84500000e-01  9.04654803e-01  9.84500000e-01  8.72606155e-01 
 9.85500000e-01  9.04658116e-01  9.85500000e-01  8.72609739e-01 
 9.86500000e-01  9.04205420e-01  9.86500000e-01  8.72110878e-01 
 9.87500000e-01  9.03342045e-01  9.87500000e-01  8.71161688e-01 
 9.88500000e-01  9.02153289e-01  9.88500000e-01  8.69859317e-01 
 9.89500000e-01  9.00755062e-01  9.89500000e-01  8.68333792e-01 
 9.90500000e-01  8.99282407e-01  9.90500000e-01  8.66734032e-01 
 9.91500000e-01  8.97877122e-01  9.91500000e-01  8.65213785e-01 
 9.92500000e-01  8.96675701e-01  9.92500000e-01  8.63918839e-01 
 9.93500000e-01  8.95797710e-01  9.93500000e-01  8.62975006e-01 
 9.94500000e-01  8.95332714e-01  9.94500000e-01  8.62476017e-01 
 9.95500000e-01  8.95329387e-01  9.95500000e-01  8.62472402e-01 
 9.96500000e-01  8.95787957e-01  9.96500000e-01  8.62964442e-01 
 9.97500000e-01  8.96660373e-01  9.97500000e-01  8.63902240e-01 
 9.98500000e-01  8.97857680e-01  9.98500000e-01  8.65192748e-01 
 9.99500000e-01  8.99260868e-01  9.99500000e-01  8.66710701e-01 
 1.00000000e+00  8.99997379e-01  1.00000000e+00  8.67509826e-01 
 1.00010000e+00  9.00145236e-01  1.00010000e+00  8.67670516e-01 
 1.00030000e+00  9.00440254e-01  1.00030000e+00  8.67991308e-01 
 1.00070000e+00  9.01023918e-01  1.00070000e+00  8.68626715e-01 
 1.00150000e+00  9.02133966e-01  1.00150000e+00  8.69838382e-01 
 1.00250000e+00  9.03326819e-01  1.00250000e+00  8.71145243e-01 
 1.00350000e+00  9.04195702e-01  1.00350000e+00  8.72100400e-01 
 1.00450000e+00  9.04654794e-01  1.00450000e+00  8.72606152e-01 
 1.00550000e+00  9.04658145e-01  1.00550000e+00  8.72609743e-01 
 1.00650000e+00  9.04205418e-01  1.00650000e+00  8.72110874e-01 
 1.00750000e+00  9.03342036e-01  1.00750000e+00  8.71161691e-01 
 1.00850000e+00  9.02153296e-01  1.00850000e+00  8.69859315e-01 
 1.00950000e+00  9.00755076e-01  1.00950000e+00  8.68333794e-01 
 1.01050000e+00  8.99282379e-01  1.01050000e+00  8.66734030e-01 
 1.01150000e+00  8.97877078e-01  1.01150000e+00  8.65213787e-01 
 1.01250000e+00  8.96675710e-01  1.01250000e+00  8.63918836e-01 
 1.01350000e+00  8.95797687e-01  1.01350000e+00  8.62975009e-01 
 1.01450000e+00  8.95332714e-01  1.01450000e+00  8.62476015e-01 
 1.01550000e+00  8.95329402e-01  1.01550000e+00  8.62472405e-01 
 1.01650000e+00  8.95787973e-01  1.01650000e+00  8.62964439e-01 
 1.01750000e+00  8.96660437e-01  1.01750000e+00  8.63902243e-01 
 1.01850000e+00  8.97857647e-01  1.01850000e+00  8.65192745e-01 
 1.01950000e+00  8.99260886e-01  1.01950000e+00  8.66710703e-01 
 1.02050000e+00  9.00733601e-01  1.02050000e+00  8.68310533e-01 
 1.02150000e+00  9.02133961e-01  1.02150000e+00  8.69838435e-01 
 1.02250000e+00  9.03326779e-01  1.02250000e+00  8.71145236e-01 
 1.02350000e+00  9.04195716e-01  1.02350000e+00  8.72100400e-01 
 1.02450000e+00  9.04654794e-01  1.02450000e+00  8.72606153e-01 
 1.02550000e+00  9.04658162e-01  1.02550000e+00  8.72609742e-01 
 1.02650000e+00  9.04205465e-01  1.02650000e+00  8.72110875e-01 
 1.02750000e+00  9.03342048e-01  1.02750000e+00  8.71161690e-01 
 1.02850000e+00  9.02153298e-01  1.02850000e+00  8.69859316e-01 
 1.02950000e+00  9.00755075e-01  1.02950000e+00  8.68333794e-01 
 1.03050000e+00  8.99282400e-01  1.03050000e+00  8.66734030e-01 
 1.03150000e+00  8.97877069e-01  1.03150000e+00  8.65213787e-01 
 1.03250000e+00  8.96675750e-01  1.03250000e+00  8.63918837e-01 
 1.03350000e+00  8.95797696e-01  1.03350000e+00  8.62975010e-01 
 1.03450000e+00  8.95332740e-01  1.03450000e+00  8.62476014e-01 
 1.03550000e+00  8.95329423e-01  1.03550000e+00  8.62472405e-01 
 1.03650000e+00  8.95787966e-01  1.03650000e+00  8.62964439e-01 
 1.03750000e+00  8.96660389e-01  1.03750000e+00  8.63902243e-01 
 1.03850000e+00  8.97857662e-01  1.03850000e+00  8.65192746e-01 
 1.03950000e+00  8.99260851e-01  1.03950000e+00  8.66710704e-01 
 1.04050000e+00  9.00733591e-01  1.04050000e+00  8.68310534e-01 
 1.04150000e+00  9.02134015e-01  1.04150000e+00  8.69838437e-01 
 1.04250000e+00  9.03326819e-01  1.04250000e+00  8.71145236e-01 
 1.04350000e+00  9.04195703e-01  1.04350000e+00  8.72100399e-01 
 1.04450000e+00  9.04654823e-01  1.04450000e+00  8.72606152e-01 
 1.04550000e+00  9.04658156e-01  1.04550000e+00  8.72609741e-01 
 1.04650000e+00  9.04205461e-01  1.04650000e+00  8.72110875e-01 
 1.04750000e+00  9.03342092e-01  1.04750000e+00  8.71161691e-01 
 1.04850000e+00  9.02153302e-01  1.04850000e+00  8.69859314e-01 
 1.04950000e+00  9.00755086e-01  1.04950000e+00  8.68333794e-01 
 1.05050000e+00  8.99282405e-01  1.05050000e+00  8.66734030e-01 
 1.05150000e+00  8.97877060e-01  1.05150000e+00  8.65213787e-01 
 1.05250000e+00  8.96675730e-01  1.05250000e+00  8.63918837e-01 
 1.05350000e+00  8.95797705e-01  1.05350000e+00  8.62975009e-01 
 1.05450000e+00  8.95332728e-01  1.05450000e+00  8.62476014e-01 
 1.05550000e+00  8.95329371e-01  1.05550000e+00  8.62472404e-01 
 1.05650000e+00  8.95787966e-01  1.05650000e+00  8.62964440e-01 
 1.05750000e+00  8.96660387e-01  1.05750000e+00  8.63902243e-01 
 1.05850000e+00  8.97857645e-01  1.05850000e+00  8.65192745e-01 
 1.05950000e+00  8.99260871e-01  1.05950000e+00  8.66710703e-01 
 1.06050000e+00  9.00733584e-01  1.06050000e+00  8.68310534e-01 
 1.06150000e+00  9.02133997e-01  1.06150000e+00  8.69838436e-01 
 1.06250000e+00  9.03326803e-01  1.06250000e+00  8.71145237e-01 
 1.06350000e+00  9.04195720e-01  1.06350000e+00  8.72100398e-01 
 1.06450000e+00  9.04654800e-01  1.06450000e+00  8.72606153e-01 
 1.06550000e+00  9.04658128e-01  1.06550000e+00  8.72609742e-01 
 1.06650000e+00  9.04205449e-01  1.06650000e+00  8.72110875e-01 
 1.06750000e+00  9.03342069e-01  1.06750000e+00  8.71161690e-01 
 1.06850000e+00  9.02153305e-01  1.06850000e+00  8.69859315e-01 
 1.06950000e+00  9.00755088e-01  1.06950000e+00  8.68333794e-01 
 1.07050000e+00  8.99282393e-01  1.07050000e+00  8.66734030e-01 
 1.07150000e+00  8.97877067e-01  1.07150000e+00  8.65213787e-01 
 1.07250000e+00  8.96675727e-01  1.07250000e+00  8.63918837e-01 
 1.07350000e+00  8.95797663e-01  1.07350000e+00  8.62975009e-01 
 1.07450000e+00  8.95332691e-01  1.07450000e+00  8.62476015e-01 
 1.07550000e+00  8.95329399e-01  1.07550000e+00  8.62472404e-01 
 1.07650000e+00  8.95787947e-01  1.07650000e+00  8.62964440e-01 
 1.07750000e+00  8.96660434e-01  1.07750000e+00  8.63902243e-01 
 1.07850000e+00  8.97857662e-01  1.07850000e+00  8.65192746e-01 
 1.07950000e+00  8.99260878e-01  1.07950000e+00  8.66710703e-01 
 1.08050000e+00  9.00733571e-01  1.08050000e+00  8.68310535e-01 
 1.08150000e+00  9.02133986e-01  1.08150000e+00  8.69838436e-01 
 1.08250000e+00  9.03326795e-01  1.08250000e+00  8.71145237e-01 
 1.08350000e+00  9.04195735e-01  1.08350000e+00  8.72100400e-01 
 1.08450000e+00  9.04654794e-01  1.08450000e+00  8.72606152e-01 
 1.08550000e+00  9.04658131e-01  1.08550000e+00  8.72609741e-01 
 1.08650000e+00  9.04205404e-01  1.08650000e+00  8.72110875e-01 
 1.08750000e+00  9.03342049e-01  1.08750000e+00  8.71161689e-01 
 1.08850000e+00  9.02153292e-01  1.08850000e+00  8.69859314e-01 
 1.08950000e+00  9.00755093e-01  1.08950000e+00  8.68333795e-01 
 1.09050000e+00  8.99282443e-01  1.09050000e+00  8.66734030e-01 
 1.09150000e+00  8.97877054e-01  1.09150000e+00  8.65213787e-01 
 1.09250000e+00  8.96675701e-01  1.09250000e+00  8.63918837e-01 
 1.09350000e+00  8.95797708e-01  1.09350000e+00  8.62975009e-01 
 1.09450000e+00  8.95332731e-01  1.09450000e+00  8.62476015e-01 
 1.09550000e+00  8.95329392e-01  1.09550000e+00  8.62472404e-01 
 1.09650000e+00  8.95787972e-01  1.09650000e+00  8.62964440e-01 
 1.09750000e+00  8.96660436e-01  1.09750000e+00  8.63902243e-01 
 1.09850000e+00  8.97857684e-01  1.09850000e+00  8.65192745e-01 
 1.09950000e+00  8.99260864e-01  1.09950000e+00  8.66710703e-01 
 1.10000000e+00  8.99997332e-01  1.10000000e+00  8.67509822e-01 
